,Pregnancies,Glucose,BloodPressure,SkinThickness,Insulin,BMI,DiabetesPedigreeFunction,Age,Outcome
0,7,99.0,82.0,26.0,102.0,32.5,0.536,39,0
1,3,65.0,64.0,34.0,102.0,24.6,0.517,28,0
2,8,84.0,68.0,34.0,48.0,33.3,0.6779999999999999,43,1
3,1,81.0,88.0,45.0,102.0,38.5,0.527,42,1
4,1,128.0,80.0,27.0,102.0,38.5,0.23,23,0
5,2,158.0,75.0,28.0,130.0,30.8,0.368,24,1
6,1,138.0,84.0,34.0,102.0,31.3,0.6779999999999999,24,1
7,9,129.0,75.0,36.0,129.0,28.6,0.738,41,1
8,0,146.0,74.0,29.0,169.0,36.4,0.498,38,1
9,4,146.0,82.0,17.0,125.0,52.0,0.527,29,1
10,10,81.0,78.0,41.0,102.0,35.3,0.391,41,0
11,4,128.0,60.0,28.0,102.0,33.9,0.264,25,0
12,7,156.0,70.0,44.0,194.0,27.0,0.591,32,1
13,3,143.0,82.0,30.0,80.0,31.6,0.498,23,0
14,1,104.0,88.0,34.0,94.0,33.2,0.491,42,0
15,0,174.0,66.0,30.0,102.0,31.6,0.7609999999999999,42,1
16,3,181.0,88.0,32.0,169.0,42.3,0.537,28,1
17,1,136.0,76.0,35.0,102.0,57.3,0.29600000000000004,23,0
18,3,186.0,70.0,25.0,125.0,39.0,0.527,26,1
19,9,93.0,80.0,27.0,102.0,28.3,0.399,41,0
20,10,118.0,72.0,44.0,102.0,33.2,0.8029999999999999,38,0
21,3,136.0,75.0,32.0,140.0,30.1,0.3740000000000002,24,1
22,11,150.0,78.0,29.0,125.0,33.3,0.527,42,1
23,4,124.0,95.0,24.0,105.0,28.4,0.498,42,1
24,4,106.0,64.0,29.0,169.0,30.5,0.494,31,1
25,6,124.0,84.0,32.0,204.0,37.8,0.3989999999999999,43,1
26,3,88.0,68.0,41.0,175.0,37.1,0.498,25,1
27,3,91.0,58.0,15.0,102.0,32.0,0.519,26,0
28,1,117.0,52.0,39.0,102.0,38.6,0.142,22,0
29,6,155.0,72.0,32.0,90.0,42.1,0.255,36,1
30,2,117.0,74.0,32.0,102.0,38.0,0.527,27,1
31,4,125.0,84.0,36.0,102.0,31.3,0.621,24,0
32,0,101.0,68.0,30.0,102.0,29.8,0.391,21,0
33,4,133.0,86.0,30.0,169.0,39.5,0.135,46,1
34,1,101.0,82.0,34.0,102.0,33.2,0.134,26,0
35,1,153.0,64.0,27.0,140.0,28.7,0.3740000000000002,24,0
36,1,136.0,74.0,40.0,102.0,33.8,0.551,21,0
37,1,139.0,82.0,28.0,169.0,36.9,0.564,30,1
38,4,123.0,75.0,30.0,160.0,33.2,0.3740000000000009,28,0
39,6,157.0,62.0,27.0,575.0,26.3,0.394,50,0
40,5,106.0,76.0,30.0,169.0,31.6,0.498,36,1
41,10,129.0,72.0,35.0,194.0,31.6,0.256,47,1
42,1,96.0,60.0,36.0,275.0,37.3,0.737,25,0
43,5,111.0,84.0,32.0,182.0,24.8,0.261,27,1
44,7,138.0,64.0,38.0,102.0,32.8,1.1740000000000002,61,0
45,2,106.0,66.0,41.0,135.0,37.8,0.391,32,1
46,11,109.0,80.0,37.0,102.0,42.2,0.496,35,0
47,7,101.0,68.0,23.0,102.0,32.6,0.204,60,0
48,4,136.0,70.0,37.0,105.0,33.6,0.498,24,0
49,1,73.0,84.0,40.0,140.0,46.4,0.3740000000000002,36,0
50,10,124.0,110.0,32.0,169.0,32.1,0.575,38,1
51,4,94.0,68.0,23.0,84.0,36.3,0.498,35,0
52,0,95.0,82.0,32.0,102.0,36.9,0.5589999999999999,25,1
53,3,97.0,58.0,31.0,102.0,19.6,0.4970000000000001,23,0
54,8,119.0,66.0,27.0,102.0,32.8,0.818,57,0
55,7,148.0,84.0,35.0,125.0,33.6,0.527,42,1
56,2,112.0,88.0,27.0,102.0,22.4,0.515,28,0
57,1,144.0,75.0,30.0,225.0,42.6,0.496,33,1
58,0,158.0,68.0,32.0,278.0,33.3,0.527,26,1
59,8,128.0,75.0,29.0,102.0,32.4,0.5870000000000001,38,1
60,2,112.0,80.0,27.0,102.0,38.7,0.337,29,0
61,9,96.0,78.0,52.0,48.0,27.4,0.6779999999999999,67,1
62,13,124.0,75.0,35.0,168.0,36.4,0.268,47,1
63,7,117.0,80.0,29.0,169.0,35.9,0.318,47,1
64,1,129.0,85.0,36.0,200.0,38.5,0.253,21,0
65,0,91.0,100.0,49.0,102.0,39.4,0.517,29,1
66,2,141.0,44.0,20.0,258.0,24.3,0.6779999999999999,25,0
67,7,146.0,74.0,40.0,230.0,44.3,0.591,38,1
68,7,167.0,64.0,47.0,169.0,35.8,0.8740000000000001,41,1
69,7,103.0,68.0,32.0,115.0,33.8,0.8370000000000001,43,1
70,0,181.0,90.0,32.0,192.0,35.8,0.496,55,1
71,11,117.0,75.0,32.0,188.0,40.1,0.527,42,1
72,7,134.0,60.0,33.0,88.0,33.3,0.294,40,0
73,9,113.0,106.0,32.0,80.0,42.9,0.498,43,1
74,0,103.0,60.0,42.0,102.0,38.0,0.399,28,0
75,11,146.0,50.0,42.0,102.0,43.3,0.393,35,1
76,0,136.0,80.0,32.0,140.0,36.9,0.518,29,1
77,11,125.0,80.0,40.0,102.0,41.3,0.5870000000000001,39,0
78,0,83.0,78.0,30.0,44.0,32.8,1.1740000000000008,27,0
79,3,88.0,74.0,26.0,44.0,21.6,0.737,25,0
80,5,117.0,78.0,27.0,102.0,26.6,0.591,55,0
81,3,136.0,84.0,36.0,235.0,43.6,0.292,28,0
82,9,148.0,80.0,29.0,325.0,36.9,0.498,49,1
83,8,136.0,58.0,31.0,102.0,32.6,1.1740000000000002,34,0
84,1,173.0,75.0,32.0,275.0,30.1,0.443,32,1
85,7,174.0,85.0,41.0,168.0,43.3,0.498,46,1
86,8,53.0,64.0,44.0,102.0,35.9,0.5870000000000001,68,1
87,8,101.0,78.0,29.0,102.0,30.9,0.337,27,0
88,6,86.0,74.0,11.0,102.0,27.6,0.517,30,0
89,1,103.0,72.0,27.0,78.0,33.7,0.498,41,0
90,10,128.0,64.0,29.0,102.0,35.5,0.591,34,0
91,1,97.0,60.0,26.0,190.0,34.0,0.5589999999999999,27,0
92,1,197.0,62.0,32.0,146.0,32.0,0.259,42,1
93,3,128.0,80.0,47.0,102.0,35.7,0.5870000000000001,24,0
94,1,124.0,90.0,32.0,169.0,33.8,0.527,39,1
95,1,91.0,58.0,19.0,206.0,29.7,0.254,47,1
96,0,138.0,80.0,32.0,169.0,45.3,0.575,27,1
97,1,109.0,86.0,35.0,192.0,34.6,0.495,31,1
98,0,73.0,78.0,28.0,102.0,32.4,0.5870000000000001,51,1
99,5,117.0,70.0,35.0,235.0,34.6,0.527,44,1
100,1,187.0,88.0,44.0,204.0,41.3,0.399,23,0
101,5,150.0,70.0,25.0,28.0,38.3,0.263,40,0
102,11,139.0,72.0,30.0,180.0,27.3,0.496,48,1
103,6,125.0,70.0,45.0,100.0,30.5,0.496,46,1
104,8,126.0,60.0,44.0,543.0,40.0,0.498,39,0
105,10,113.0,70.0,33.0,102.0,36.9,0.578,61,0
106,7,81.0,70.0,33.0,135.0,24.9,0.3922,37,1
107,9,102.0,74.0,28.0,175.0,36.5,0.498,38,1
108,0,122.0,82.0,28.0,102.0,36.8,1.1740000000000006,25,0
109,5,112.0,60.0,36.0,82.0,36.6,0.299,45,0
110,3,128.0,96.0,31.0,335.0,23.6,0.345,25,0
111,5,160.0,80.0,30.0,102.0,27.8,0.591,54,0
112,1,73.0,85.0,46.0,102.0,38.7,0.3989999999999999,21,1
113,2,123.0,60.0,27.0,83.0,45.3,0.498,27,0
114,7,133.0,58.0,33.0,188.0,45.2,0.527,45,0
115,0,123.0,72.0,32.0,192.0,27.8,0.498,42,0
116,7,131.0,86.0,39.0,169.0,44.0,0.498,43,1
117,5,187.0,82.0,47.0,302.0,37.8,0.527,58,1
118,4,117.0,82.0,32.0,188.0,31.2,0.527,38,1
119,4,197.0,98.0,34.0,146.0,34.9,0.255,21,1
120,0,93.0,88.0,23.0,102.0,30.2,0.5870000000000001,30,0
121,4,117.0,75.0,42.0,102.0,36.4,0.806,52,1
122,4,106.0,90.0,32.0,56.0,36.3,0.498,32,1
123,2,90.0,68.0,40.0,102.0,41.3,0.3989999999999999,24,0
124,4,122.0,80.0,35.0,140.0,44.6,1.1740000000000002,29,1
125,2,136.0,70.0,50.0,82.0,33.2,0.318,25,0
126,10,136.0,58.0,22.0,105.0,28.1,0.527,38,0
127,10,109.0,75.0,39.0,102.0,36.8,1.1740000000000002,47,0
128,5,105.0,70.0,19.0,275.0,28.7,0.135,33,0
129,7,125.0,60.0,27.0,169.0,33.8,0.8370000000000001,37,0
130,0,111.0,80.0,27.0,102.0,31.2,0.3989999999999999,38,0
131,3,68.0,86.0,31.0,30.0,29.7,0.493,22,0
132,2,108.0,66.0,27.0,57.0,28.4,0.6779999999999999,58,0
133,2,92.0,52.0,12.0,102.0,25.4,0.527,26,0
134,3,119.0,52.0,28.0,102.0,45.3,0.915,26,0
135,1,122.0,74.0,30.0,102.0,33.3,0.5870000000000001,22,0
136,2,167.0,75.0,32.0,270.0,32.9,0.268,31,1
137,3,124.0,92.0,32.0,169.0,29.5,0.6779999999999999,41,1
138,1,118.0,66.0,39.0,169.0,27.5,0.537,36,1
139,1,94.0,80.0,15.0,45.0,27.7,0.394,21,0
140,3,124.0,64.0,12.0,102.0,27.2,0.5740000000000001,21,0
141,1,117.0,64.0,18.0,102.0,25.9,0.207,26,0
142,4,112.0,70.0,19.0,102.0,26.6,0.596,27,0
143,3,194.0,86.0,49.0,146.0,45.3,0.598,27,1
144,2,117.0,78.0,32.0,169.0,25.3,0.255,28,1
145,4,111.0,82.0,39.0,102.0,28.8,0.537,25,1
146,8,77.0,76.0,50.0,48.0,46.3,0.6779999999999999,45,0
147,4,111.0,50.0,27.0,102.0,26.3,0.263,24,1
148,2,117.0,84.0,19.0,182.0,21.8,0.3270000000000001,23,0
149,10,129.0,74.0,24.0,235.0,26.4,0.292,37,1
150,1,119.0,50.0,33.0,169.0,33.8,0.371,23,1
151,1,123.0,82.0,48.0,102.0,45.3,0.5870000000000001,60,0
152,2,111.0,66.0,30.0,102.0,27.6,0.399,22,0
153,4,71.0,70.0,49.0,41.0,37.2,0.3181,28,1
154,1,104.0,44.0,20.0,125.0,28.9,0.527,26,1
155,2,111.0,80.0,46.0,35.0,34.2,0.342,23,1
156,7,166.0,70.0,32.0,169.0,32.3,0.238,40,1
157,2,196.0,64.0,30.0,185.0,33.6,0.527,24,1
158,1,136.0,64.0,27.0,102.0,33.3,0.493,33,0
159,4,117.0,84.0,34.0,152.0,34.9,0.586,34,1
160,0,150.0,64.0,39.0,235.0,32.9,0.392,43,1
161,10,148.0,32.0,36.0,325.0,33.9,0.527,35,1
162,9,184.0,75.0,27.0,169.0,39.1,0.677,63,1
163,9,101.0,88.0,42.0,102.0,37.7,0.391,45,0
164,13,174.0,88.0,37.0,192.0,45.2,0.496,38,1
165,4,128.0,90.0,34.0,102.0,45.2,0.5870000000000001,55,0
166,1,111.0,60.0,28.0,102.0,32.1,0.391,31,0
167,2,106.0,88.0,31.0,102.0,41.2,0.966,30,1
168,3,130.0,84.0,20.0,102.0,38.8,0.5870000000000001,48,0
169,0,117.0,78.0,36.0,106.0,28.5,0.259,44,1
170,7,119.0,100.0,41.0,102.0,39.4,0.5870000000000001,43,0
171,1,143.0,70.0,33.0,110.0,33.2,0.258,40,0
172,11,111.0,106.0,32.0,169.0,34.2,0.591,43,1
173,9,96.0,75.0,45.0,48.0,36.5,0.6779999999999999,46,1
174,0,114.0,58.0,34.0,82.0,25.4,0.527,24,0
175,0,78.0,88.0,30.0,39.0,36.0,0.294,27,0
176,1,166.0,82.0,25.0,102.0,38.3,0.8270000000000001,24,0
177,4,99.0,64.0,36.0,102.0,36.5,0.5870000000000001,63,0
178,2,126.0,76.0,32.0,102.0,38.0,0.221,23,0
179,7,158.0,64.0,49.0,90.0,29.7,0.391,43,1
180,0,199.0,68.0,18.0,102.0,26.6,0.391,23,0
181,0,75.0,100.0,27.0,88.0,45.2,0.26,35,0
182,1,119.0,52.0,32.0,102.0,33.1,0.527,25,0
183,9,142.0,80.0,27.0,102.0,25.3,0.518,39,0
184,6,97.0,66.0,27.0,105.0,27.8,0.498,32,0
185,0,131.0,86.0,32.0,169.0,33.3,0.261,31,1
186,4,152.0,82.0,33.0,846.0,38.5,0.498,39,0
187,10,129.0,66.0,47.0,175.0,46.8,0.498,42,1
188,1,95.0,88.0,41.0,45.0,34.6,0.7659999999999999,30,1
189,1,150.0,80.0,27.0,102.0,45.3,0.399,24,0
190,1,102.0,88.0,32.0,110.0,26.8,0.399,23,1
191,1,112.0,50.0,27.0,102.0,27.6,0.3989999999999999,25,0
192,8,146.0,88.0,19.0,480.0,23.1,0.498,53,1
193,7,119.0,80.0,32.0,231.0,30.8,0.527,41,0
194,3,106.0,30.0,32.0,185.0,39.1,0.498,33,1
195,8,111.0,68.0,28.0,61.0,28.9,0.255,58,0
196,6,124.0,84.0,29.0,50.0,30.4,0.9899999999999992,45,1
197,8,136.0,30.0,8.0,129.0,40.2,0.6779999999999999,42,0
198,4,117.0,70.0,32.0,168.0,39.8,0.498,31,1
199,2,157.0,80.0,40.0,102.0,35.4,1.1740000000000002,28,0
200,1,111.0,70.0,17.0,102.0,32.4,0.391,32,0
201,1,100.0,85.0,38.0,192.0,28.5,0.498,22,0
202,4,148.0,86.0,23.0,237.0,35.5,0.208,28,1
203,10,170.0,84.0,33.0,278.0,35.9,0.393,40,1
204,2,183.0,56.0,15.0,68.0,32.5,,24,0
205,3,97.0,48.0,23.0,102.0,28.8,1.1740000000000002,22,0
206,1,84.0,80.0,41.0,58.0,40.4,0.498,22,0
207,2,125.0,60.0,17.0,102.0,25.2,0.218,34,0
208,0,74.0,75.0,44.0,25.0,42.8,0.394,26,1
209,3,111.0,56.0,46.0,102.0,42.1,0.537,25,1
210,5,173.0,74.0,23.0,188.0,26.8,0.597,53,1
211,3,117.0,64.0,54.0,180.0,40.8,0.727,23,0
212,0,174.0,84.0,32.0,169.0,28.5,0.151,29,1
213,5,112.0,94.0,43.0,135.0,27.6,0.527,36,1
214,5,126.0,88.0,29.0,237.0,30.4,0.527,36,1
215,1,171.0,80.0,30.0,48.0,36.9,0.6779999999999999,23,1
216,1,134.0,88.0,25.0,169.0,26.4,0.672,30,1
217,2,130.0,74.0,32.0,102.0,29.0,0.5870000000000001,30,1
218,1,140.0,68.0,24.0,169.0,25.6,1.143,35,1
219,5,128.0,72.0,21.0,102.0,26.7,0.399,30,0
220,8,101.0,72.0,17.0,102.0,24.6,0.399,58,0
221,5,117.0,64.0,36.0,105.0,29.8,1.1179999999999999,63,0
222,2,119.0,52.0,34.0,202.0,31.2,0.132,25,1
223,10,130.0,78.0,35.0,169.0,28.3,0.516,41,1
224,4,125.0,85.0,32.0,322.0,36.3,0.399,22,1
225,1,106.0,60.0,27.0,146.0,24.3,0.255,21,0
226,3,119.0,70.0,36.0,169.0,30.1,0.537,30,1
227,6,117.0,90.0,36.0,150.0,26.6,0.591,60,1
228,4,101.0,62.0,44.0,102.0,38.5,0.206,24,0
229,1,91.0,60.0,34.0,102.0,30.1,0.3922,22,0
230,10,124.0,90.0,35.0,50.0,34.3,0.153,40,1
231,3,88.0,64.0,24.0,102.0,26.6,0.268,21,0
232,5,92.0,78.0,30.0,48.0,36.9,0.6779999999999999,34,0
233,8,88.0,56.0,35.0,92.0,33.3,0.498,58,1
234,3,102.0,74.0,24.0,102.0,23.2,0.551,37,0
235,2,99.0,70.0,27.0,102.0,33.8,0.135,21,0
236,0,128.0,74.0,17.0,102.0,30.4,0.391,33,0
237,4,112.0,75.0,32.0,102.0,34.3,0.6779999999999999,28,1
238,3,88.0,74.0,11.0,48.0,19.3,0.6779999999999999,25,0
239,12,138.0,72.0,22.0,180.0,26.8,0.496,58,1
240,0,193.0,62.0,35.0,169.0,34.3,0.3740000000000002,27,1
241,6,158.0,60.0,27.0,70.0,23.8,0.6779999999999999,25,0
242,1,127.0,70.0,30.0,48.0,31.6,0.6779999999999999,22,0
243,1,124.0,78.0,32.0,102.0,42.3,0.5870000000000001,27,1
244,15,113.0,82.0,28.0,102.0,32.8,1.1740000000000002,44,0
245,0,101.0,68.0,35.0,102.0,33.3,0.336,24,0
246,1,148.0,75.0,47.0,126.0,37.8,0.4920000000000001,36,1
247,2,88.0,88.0,46.0,44.0,34.1,0.4120000000000001,25,0
248,7,93.0,64.0,32.0,102.0,45.1,0.537,51,1
249,8,122.0,80.0,35.0,102.0,36.5,0.5899999999999997,41,1
250,1,128.0,75.0,32.0,192.0,32.4,0.496,28,1
251,1,136.0,68.0,32.0,152.0,34.2,0.738,28,1
252,4,133.0,66.0,32.0,102.0,36.9,0.399,28,1
253,1,125.0,70.0,40.0,63.0,41.2,0.318,36,0
254,4,97.0,94.0,44.0,206.0,33.3,0.238,61,0
255,2,140.0,90.0,33.0,204.0,31.6,0.236,53,1
256,6,111.0,88.0,37.0,82.0,27.6,,52,0
257,10,85.0,86.0,34.0,102.0,35.5,0.317,65,0
258,0,117.0,68.0,39.0,102.0,37.2,0.391,21,0
259,2,97.0,58.0,46.0,102.0,32.8,0.399,23,0
260,4,112.0,84.0,47.0,102.0,40.1,0.364,40,1
261,2,93.0,58.0,17.0,102.0,23.3,1.1740000000000002,25,0
262,6,143.0,72.0,39.0,192.0,45.6,0.498,49,0
263,3,128.0,72.0,32.0,192.0,27.4,0.498,31,1
264,3,100.0,62.0,19.0,102.0,25.2,0.491,38,0
265,1,115.0,80.0,47.0,169.0,37.8,1.1640000000000001,21,1
266,1,123.0,80.0,27.0,102.0,19.1,0.255,24,0
267,0,117.0,62.0,32.0,102.0,28.4,1.1740000000000002,24,0
268,5,124.0,60.0,37.0,102.0,32.8,0.318,27,0
269,9,115.0,76.0,22.0,140.0,25.6,1.1740000000000002,32,1
270,2,117.0,58.0,12.0,102.0,24.3,0.238,22,0
271,5,121.0,88.0,32.0,16.0,42.3,0.6779999999999999,53,1
272,1,111.0,54.0,36.0,80.0,38.6,0.498,25,0
273,1,103.0,58.0,27.0,45.0,22.2,0.807,23,0
274,6,130.0,90.0,46.0,134.0,37.1,0.527,35,1
275,3,123.0,70.0,48.0,57.0,33.2,0.6779999999999999,30,0
276,3,136.0,54.0,36.0,102.0,32.8,0.5870000000000001,30,0
277,11,113.0,30.0,40.0,102.0,46.3,0.551,45,1
278,11,181.0,84.0,45.0,192.0,45.6,0.496,51,1
279,1,124.0,74.0,40.0,105.0,37.4,0.498,21,1
280,11,119.0,75.0,32.0,211.0,34.3,0.527,51,1
281,0,187.0,90.0,35.0,205.0,36.4,0.591,30,1
282,11,117.0,68.0,32.0,207.0,36.1,0.238,41,1
283,2,76.0,85.0,31.0,102.0,28.2,0.517,24,0
284,3,86.0,72.0,32.0,175.0,26.2,0.498,25,0
285,2,68.0,90.0,17.0,99.0,36.6,0.491,22,0
286,2,128.0,74.0,31.0,102.0,27.3,0.391,22,0
287,7,140.0,56.0,49.0,190.0,37.6,0.527,45,1
288,7,150.0,66.0,32.0,125.0,39.4,0.527,36,1
289,4,115.0,70.0,34.0,140.0,33.7,0.527,32,1
290,1,111.0,82.0,41.0,63.0,43.3,0.318,43,1
291,3,143.0,75.0,32.0,40.0,32.9,0.255,29,1
292,1,134.0,82.0,32.0,169.0,27.1,0.537,32,1
293,6,117.0,122.0,23.0,192.0,32.4,0.498,62,1
294,1,80.0,68.0,35.0,54.0,33.2,0.4970000000000001,46,0
295,4,112.0,82.0,32.0,235.0,43.0,0.245,31,1
296,1,89.0,48.0,25.0,200.0,36.8,0.238,25,0
297,1,117.0,90.0,48.0,176.0,46.2,0.527,29,1
298,11,161.0,80.0,30.0,102.0,33.3,0.263,41,0
299,10,144.0,80.0,42.0,228.0,38.5,0.255,41,1
300,2,117.0,44.0,20.0,102.0,28.4,0.7609999999999999,22,0
301,3,117.0,70.0,33.0,192.0,33.7,0.498,25,1
302,0,142.0,60.0,25.0,258.0,27.3,0.6779999999999999,21,0
303,3,115.0,90.0,11.0,102.0,19.3,0.518,30,0
304,2,109.0,78.0,19.0,102.0,27.8,0.3989999999999999,21,0
305,1,140.0,54.0,43.0,207.0,32.9,0.6779999999999999,21,0
306,7,117.0,106.0,34.0,50.0,45.7,0.871,43,1
307,4,100.0,78.0,32.0,200.0,36.6,0.238,37,0
308,5,78.0,64.0,26.0,102.0,33.3,0.637,39,0
309,3,92.0,90.0,27.0,38.0,34.8,0.498,22,0
310,0,125.0,64.0,31.0,102.0,28.3,0.517,23,0
311,0,133.0,68.0,27.0,102.0,19.6,0.349,22,0
312,1,136.0,86.0,27.0,102.0,25.6,0.297,24,0
313,0,97.0,86.0,32.0,180.0,39.4,0.51,29,1
314,8,119.0,74.0,37.0,102.0,36.2,0.135,38,0
315,9,119.0,95.0,29.0,169.0,27.4,0.595,45,1
316,2,90.0,82.0,30.0,45.0,33.3,0.543,21,0
317,7,128.0,86.0,32.0,192.0,30.6,0.498,44,1
318,2,126.0,70.0,37.0,102.0,33.3,0.135,23,0
319,6,144.0,90.0,20.0,16.0,45.3,0.6779999999999999,32,1
320,7,117.0,86.0,32.0,192.0,23.4,0.498,39,1
321,2,117.0,60.0,24.0,102.0,42.8,0.223,26,0
322,2,100.0,58.0,26.0,102.0,24.0,0.391,24,0
323,7,139.0,82.0,32.0,169.0,27.4,0.536,43,1
324,0,138.0,68.0,32.0,169.0,36.9,0.591,38,1
325,1,77.0,62.0,19.0,140.0,29.7,0.3740000000000002,45,1
326,1,128.0,70.0,20.0,115.0,34.3,0.498,21,0
327,11,163.0,70.0,31.0,102.0,33.2,0.496,45,0
328,8,143.0,84.0,41.0,126.0,42.5,0.4920000000000001,49,1
329,2,104.0,70.0,24.0,102.0,30.8,0.597,65,0
330,11,125.0,70.0,40.0,102.0,45.3,0.546,38,0
331,2,117.0,44.0,40.0,274.0,46.3,0.209,25,1
332,11,126.0,114.0,20.0,152.0,19.3,0.7609999999999999,40,0
333,5,119.0,72.0,35.0,102.0,29.5,0.672,38,1
334,2,186.0,74.0,32.0,125.0,23.8,0.34,27,1
335,1,124.0,65.0,12.0,102.0,27.3,0.391,22,0
336,1,72.0,60.0,32.0,24.0,27.8,1.318,29,1
337,1,138.0,68.0,37.0,102.0,32.8,0.597,27,0
338,8,137.0,82.0,27.0,102.0,29.6,0.212,45,0
339,7,99.0,88.0,32.0,64.0,33.3,0.537,51,1
340,0,119.0,88.0,45.0,169.0,42.0,0.498,34,1
341,3,79.0,88.0,15.0,45.0,32.6,0.543,23,0
342,5,126.0,94.0,44.0,152.0,34.1,0.7390000000000001,33,1
343,4,189.0,70.0,33.0,130.0,29.7,0.263,23,1
344,2,153.0,25.0,27.0,140.0,37.6,0.3740000000000002,25,0
345,8,126.0,66.0,30.0,129.0,39.6,0.6779999999999999,57,1
346,1,126.0,82.0,28.0,169.0,32.2,0.498,29,1
347,0,117.0,76.0,32.0,169.0,25.8,0.6779999999999999,36,1
348,1,126.0,90.0,27.0,27.0,25.1,0.255,30,0
349,8,128.0,90.0,48.0,169.0,28.9,1.137,45,1
350,3,128.0,74.0,32.0,169.0,27.4,0.3740000000000001,29,1
351,3,103.0,82.0,32.0,57.0,41.2,0.498,29,1
352,4,113.0,68.0,27.0,102.0,30.8,0.5870000000000001,30,0
353,6,109.0,90.0,29.0,102.0,30.1,0.337,37,0
354,9,117.0,90.0,32.0,15.0,38.5,0.3989999999999999,34,1
355,3,103.0,52.0,45.0,192.0,46.1,0.498,25,1
356,1,106.0,82.0,15.0,102.0,32.2,0.399,22,0
357,7,124.0,80.0,48.0,169.0,36.8,0.527,34,1
358,3,128.0,70.0,30.0,178.0,28.6,0.593,52,1
359,1,123.0,84.0,37.0,200.0,32.4,0.253,23,1
360,4,128.0,58.0,24.0,110.0,29.2,0.399,22,0
361,11,106.0,74.0,50.0,152.0,37.9,0.491,37,1
362,3,140.0,70.0,22.0,225.0,30.1,0.5899999999999997,30,1
363,2,85.0,68.0,23.0,102.0,24.2,0.391,23,0
364,5,95.0,68.0,24.0,102.0,32.0,0.527,31,0
365,3,159.0,85.0,27.0,102.0,24.7,0.262,28,0
366,1,125.0,58.0,31.0,102.0,29.4,0.374,24,0
367,8,68.0,72.0,27.0,169.0,35.8,0.5429999999999999,52,1
368,8,125.0,68.0,19.0,192.0,23.3,0.498,58,0
369,7,104.0,88.0,25.0,102.0,25.9,0.391,37,1
370,8,125.0,75.0,32.0,185.0,31.0,0.527,52,1
371,4,91.0,84.0,24.0,102.0,23.5,0.5870000000000001,41,1
372,5,117.0,62.0,27.0,188.0,27.1,0.498,42,0
373,2,130.0,62.0,19.0,102.0,29.5,0.393,26,0
374,1,119.0,85.0,24.0,102.0,28.3,0.553,24,1
375,8,143.0,84.0,20.0,155.0,26.6,0.498,36,1
376,1,128.0,84.0,35.0,192.0,34.6,0.498,24,1
377,0,171.0,72.0,32.0,105.0,32.3,0.499,23,1
378,6,117.0,60.0,38.0,169.0,45.8,0.518,31,1
379,4,126.0,88.0,32.0,125.0,30.3,0.738,67,1
380,11,119.0,84.0,45.0,194.0,42.4,0.593,35,1
381,0,122.0,86.0,24.0,200.0,34.4,0.238,38,1
382,1,117.0,70.0,44.0,225.0,34.1,0.537,25,0
383,6,128.0,80.0,26.0,192.0,34.0,0.498,28,1
384,5,126.0,78.0,27.0,310.0,26.8,0.498,70,0
385,14,112.0,74.0,40.0,81.0,45.9,0.498,39,0
386,10,111.0,68.0,26.0,192.0,26.0,0.496,55,0
387,1,123.0,80.0,27.0,140.0,27.8,0.3740000000000002,32,0
388,3,128.0,100.0,32.0,130.0,34.3,0.5740000000000001,34,1
389,6,128.0,48.0,45.0,100.0,33.1,0.205,40,1
390,1,128.0,110.0,20.0,169.0,28.4,0.818,36,1
391,1,76.0,64.0,28.0,36.0,34.3,0.598,27,0
392,5,102.0,88.0,32.0,64.0,45.7,0.537,53,1
393,2,136.0,82.0,39.0,82.0,38.8,0.498,27,0
394,3,148.0,72.0,17.0,26.0,20.8,0.327,24,0
395,9,146.0,84.0,27.0,102.0,32.8,0.515,41,0
396,7,91.0,62.0,18.0,102.0,22.6,0.391,39,0
397,3,102.0,94.0,27.0,102.0,20.0,0.391,27,0
398,1,113.0,48.0,46.0,102.0,39.8,0.551,22,0
399,0,108.0,80.0,33.0,102.0,44.4,0.496,29,0
400,8,158.0,86.0,32.0,325.0,36.9,0.527,31,1
401,8,142.0,108.0,25.0,169.0,27.4,0.498,49,1
402,14,160.0,82.0,27.0,474.0,52.9,0.6779999999999999,38,1
403,2,84.0,52.0,37.0,200.0,45.7,0.254,24,1
404,12,126.0,92.0,32.0,129.0,30.8,0.498,42,1
405,0,189.0,84.0,49.0,135.0,38.6,0.507,27,1
406,5,186.0,78.0,30.0,125.0,33.7,0.527,38,1
407,3,119.0,92.0,27.0,102.0,28.8,0.51,40,0
408,1,106.0,52.0,41.0,102.0,37.5,0.3989999999999999,22,0
409,8,104.0,54.0,41.0,135.0,34.8,0.527,38,1
410,13,140.0,72.0,32.0,140.0,43.3,1.1740000000000002,44,1
411,2,126.0,80.0,27.0,152.0,32.3,0.496,23,0
412,3,109.0,52.0,27.0,102.0,27.2,0.5870000000000001,25,0
413,1,110.0,82.0,32.0,116.0,31.2,0.159,38,1
414,2,80.0,80.0,17.0,36.0,25.5,0.399,36,0
415,10,93.0,88.0,25.0,102.0,34.4,0.399,42,0
416,5,125.0,68.0,23.0,102.0,34.6,0.5870000000000001,51,1
417,2,117.0,76.0,35.0,169.0,34.6,0.518,53,1
418,0,109.0,60.0,41.0,135.0,34.3,0.498,29,1
419,1,169.0,48.0,32.0,200.0,26.4,0.238,25,1
420,11,119.0,86.0,32.0,102.0,46.6,0.5870000000000001,40,1
421,1,128.0,82.0,20.0,205.0,24.2,0.399,21,0
422,1,154.0,72.0,27.0,56.0,22.6,0.158,21,0
423,13,112.0,66.0,13.0,102.0,22.3,0.218,52,0
424,1,142.0,76.0,27.0,102.0,33.2,0.596,21,0
425,1,88.0,84.0,31.0,56.0,32.7,0.498,23,0
426,2,64.0,88.0,27.0,102.0,38.6,0.3740000000000002,29,0
427,3,107.0,90.0,17.0,48.0,26.5,0.6779999999999999,22,0
428,0,101.0,64.0,32.0,102.0,41.8,0.51,33,1
429,0,112.0,64.0,27.0,460.0,32.5,0.8220000000000001,26,0
430,7,186.0,62.0,45.0,543.0,34.8,0.498,42,1
431,8,150.0,66.0,32.0,169.0,32.9,0.527,36,1
432,2,155.0,84.0,19.0,228.0,24.8,0.394,21,1
433,0,146.0,76.0,32.0,169.0,31.6,0.6779999999999999,23,1
434,7,112.0,74.0,32.0,80.0,34.3,0.498,43,1
435,2,181.0,52.0,32.0,192.0,35.7,0.496,33,1
436,2,81.0,60.0,23.0,102.0,32.8,0.3989999999999999,24,0
437,4,146.0,82.0,23.0,169.0,28.2,0.591,51,1
438,7,109.0,60.0,44.0,192.0,33.7,0.499,41,0
439,9,106.0,74.0,32.0,135.0,33.6,0.388,37,0
440,5,117.0,84.0,20.0,192.0,42.8,0.498,30,1
441,1,134.0,82.0,35.0,100.0,45.3,1.101,23,1
442,2,94.0,60.0,22.0,102.0,30.8,0.517,22,0
443,2,173.0,82.0,31.0,192.0,32.0,0.496,25,1
444,2,78.0,64.0,28.0,66.0,33.5,0.543,24,0
445,3,122.0,84.0,37.0,375.0,38.6,0.493,33,1
446,1,76.0,70.0,27.0,36.0,20.1,0.498,21,0
447,7,88.0,78.0,45.0,45.0,36.6,0.156,60,0
448,8,91.0,78.0,27.0,102.0,35.7,0.564,54,0
449,1,136.0,70.0,46.0,102.0,27.8,0.391,23,0
450,7,117.0,90.0,24.0,102.0,18.2,0.391,42,0
451,2,125.0,96.0,23.0,102.0,24.2,1.1740000000000002,22,0
452,4,97.0,80.0,37.0,102.0,37.3,0.3989999999999999,29,0
453,2,146.0,86.0,49.0,121.0,36.3,0.738,65,1
454,4,133.0,96.0,32.0,169.0,28.4,0.498,36,1
455,3,131.0,70.0,32.0,169.0,27.7,0.261,25,1
456,2,110.0,60.0,12.0,36.0,26.0,0.152,25,0
457,1,124.0,60.0,19.0,102.0,25.9,0.5740000000000001,31,0
458,5,137.0,88.0,11.0,102.0,19.3,0.518,30,0
459,6,130.0,64.0,24.0,169.0,31.2,0.503,58,1
460,1,127.0,82.0,47.0,200.0,39.5,0.254,27,0
461,1,90.0,86.0,32.0,110.0,46.7,0.399,21,1
462,7,112.0,84.0,35.0,204.0,36.9,0.399,36,1
463,5,138.0,70.0,27.0,50.0,19.6,0.394,22,0
464,12,125.0,100.0,33.0,169.0,31.8,0.7609999999999999,46,1
465,11,128.0,78.0,40.0,200.0,33.2,0.3989999999999999,38,0
466,0,82.0,58.0,33.0,48.0,26.0,0.6779999999999999,26,0
467,0,128.0,75.0,32.0,102.0,36.3,0.515,24,1
468,0,147.0,84.0,33.0,102.0,34.0,0.5870000000000001,26,0
469,5,125.0,56.0,35.0,102.0,34.4,0.514,28,1
470,8,93.0,66.0,36.0,102.0,42.1,0.514,39,0
471,0,112.0,56.0,15.0,36.0,32.4,0.318,25,0
472,2,117.0,66.0,25.0,102.0,24.2,0.336,23,0
473,4,67.0,86.0,32.0,141.0,43.8,0.256,31,1
474,0,115.0,68.0,32.0,190.0,26.8,0.391,30,1
475,9,127.0,68.0,27.0,102.0,35.3,0.391,40,0
476,5,117.0,82.0,24.0,128.0,25.0,0.933,47,1
477,1,124.0,68.0,29.0,370.0,38.2,0.517,27,1
478,10,134.0,92.0,19.0,102.0,28.3,0.391,39,0
479,2,124.0,80.0,19.0,102.0,22.7,0.391,23,0
480,1,117.0,40.0,27.0,102.0,23.0,0.391,33,0
481,9,117.0,74.0,32.0,169.0,39.3,0.527,40,1
482,5,118.0,70.0,38.0,180.0,36.7,0.496,36,1
483,10,124.0,76.0,32.0,169.0,36.8,0.6779999999999999,38,1
484,0,111.0,70.0,15.0,102.0,35.3,0.591,22,1
485,5,109.0,68.0,27.0,102.0,36.8,0.399,30,0
486,1,109.0,60.0,34.0,192.0,27.1,0.498,29,1
487,2,100.0,92.0,41.0,204.0,35.8,0.399,22,0
488,7,145.0,72.0,32.0,169.0,33.3,0.672,43,1
489,0,92.0,74.0,39.0,49.0,38.0,0.6779999999999999,31,1
490,5,128.0,72.0,30.0,102.0,36.6,0.51,41,1
491,3,93.0,84.0,27.0,102.0,38.2,0.294,42,0
492,1,117.0,74.0,35.0,102.0,30.7,0.516,29,0
493,2,122.0,72.0,32.0,169.0,25.5,0.349,21,1
494,1,124.0,56.0,15.0,102.0,32.4,0.391,22,0
495,2,78.0,52.0,32.0,29.0,35.2,0.4970000000000001,26,0
496,13,112.0,84.0,32.0,135.0,30.1,0.527,42,1
497,2,122.0,88.0,42.0,105.0,34.7,0.6779999999999999,46,0
498,2,111.0,64.0,45.0,82.0,30.5,0.6459999999999999,24,0
499,1,129.0,75.0,52.0,129.0,45.7,0.498,25,1
500,13,119.0,66.0,32.0,169.0,26.3,0.498,41,1
501,8,117.0,76.0,44.0,474.0,37.1,0.6779999999999999,42,1
502,5,144.0,106.0,32.0,325.0,38.7,0.268,43,1
503,0,129.0,75.0,32.0,135.0,36.4,0.503,25,1
504,10,137.0,70.0,45.0,102.0,36.5,0.6729999999999999,34,1
505,6,139.0,80.0,35.0,102.0,38.2,0.5870000000000001,66,0
506,1,111.0,60.0,27.0,102.0,19.1,0.517,21,0
507,9,170.0,76.0,37.0,200.0,34.6,0.516,36,1
508,4,128.0,50.0,35.0,102.0,33.3,0.5870000000000001,22,0
509,4,143.0,64.0,41.0,50.0,30.1,0.4970000000000001,24,1
510,4,111.0,74.0,25.0,194.0,34.1,0.591,38,1
511,5,131.0,80.0,32.0,169.0,31.2,0.6779999999999999,29,1
512,2,117.0,76.0,35.0,169.0,34.3,1.109,36,1
513,5,128.0,88.0,32.0,370.0,40.8,1.1740000000000002,47,1
514,13,104.0,84.0,35.0,235.0,31.6,0.292,41,1
515,7,186.0,88.0,31.0,40.0,29.7,0.295,50,1
516,3,109.0,80.0,27.0,102.0,32.4,0.808,21,0
517,3,122.0,75.0,27.0,102.0,43.3,0.255,38,1
518,7,148.0,66.0,49.0,325.0,38.5,0.26,39,1
519,1,136.0,52.0,27.0,92.0,33.6,0.491,22,0
520,5,117.0,84.0,30.0,102.0,31.6,0.134,29,1
521,6,155.0,62.0,18.0,36.0,26.1,0.255,60,0
522,3,125.0,75.0,30.0,102.0,36.1,0.527,31,1
523,1,136.0,54.0,19.0,102.0,21.8,0.159,24,0
524,4,136.0,70.0,27.0,102.0,37.2,0.142,26,0
525,3,142.0,64.0,47.0,102.0,45.2,0.8740000000000001,33,0
526,1,113.0,60.0,33.0,115.0,28.1,0.818,23,0
527,1,119.0,70.0,46.0,102.0,40.6,0.526,23,0
528,2,136.0,88.0,34.0,152.0,39.8,0.498,26,0
529,1,133.0,80.0,30.0,102.0,33.6,0.254,44,0
530,1,143.0,86.0,33.0,169.0,27.6,0.261,32,1
531,4,101.0,84.0,37.0,82.0,42.2,0.491,32,0
532,1,171.0,88.0,32.0,126.0,28.0,0.738,32,1
533,0,197.0,88.0,19.0,543.0,23.5,0.498,32,1
534,1,111.0,68.0,27.0,102.0,24.5,0.767,23,0
535,1,167.0,76.0,47.0,169.0,40.9,0.6779999999999999,44,1
536,5,161.0,86.0,39.0,100.0,28.0,0.259,38,1
537,1,136.0,82.0,36.0,146.0,33.3,0.598,30,0
538,0,109.0,58.0,37.0,135.0,32.4,0.527,34,0
539,1,102.0,70.0,40.0,60.0,32.8,0.391,21,0
540,3,170.0,90.0,32.0,169.0,28.7,0.253,26,1
541,1,97.0,76.0,22.0,202.0,20.8,0.238,22,0
542,10,117.0,62.0,36.0,278.0,31.1,0.204,38,1
543,1,128.0,80.0,41.0,400.0,35.4,0.3989999999999999,28,0
544,7,101.0,62.0,28.0,182.0,26.5,0.8370000000000001,51,0
545,1,124.0,88.0,23.0,102.0,35.5,0.51,45,0
546,1,71.0,82.0,15.0,56.0,30.4,0.263,22,0
547,1,139.0,54.0,25.0,175.0,27.5,0.498,23,0
548,0,115.0,60.0,31.0,102.0,34.2,0.391,35,0
549,8,151.0,56.0,26.0,235.0,30.5,0.527,31,1
550,10,173.0,88.0,32.0,102.0,31.1,0.518,30,1
551,14,56.0,86.0,26.0,169.0,42.5,0.205,38,1
552,7,119.0,85.0,32.0,210.0,25.3,0.537,36,1
553,5,128.0,85.0,41.0,102.0,36.4,1.1740000000000002,42,1
554,1,142.0,88.0,32.0,169.0,31.2,0.498,26,1
555,9,144.0,86.0,36.0,146.0,36.1,0.399,49,1
556,9,117.0,80.0,32.0,102.0,35.3,0.218,37,0
557,3,102.0,62.0,19.0,102.0,25.3,1.1740000000000002,30,0
558,10,128.0,72.0,32.0,82.0,36.8,0.498,44,1
559,1,116.0,74.0,30.0,25.0,39.2,1.1740000000000002,28,1
560,3,129.0,60.0,32.0,328.0,28.5,0.498,24,1
561,5,103.0,90.0,28.0,102.0,24.8,0.391,45,0
562,1,71.0,70.0,19.0,36.0,27.8,0.3740000000000009,22,0
563,7,117.0,80.0,30.0,258.0,28.9,0.6779999999999999,34,1
564,1,128.0,60.0,39.0,102.0,32.8,0.306,23,0
565,9,136.0,90.0,36.0,115.0,31.6,0.594,41,1
566,2,100.0,80.0,27.0,142.0,24.6,0.4920000000000001,21,0
567,11,111.0,70.0,28.0,102.0,29.0,0.738,50,0
568,8,93.0,68.0,27.0,102.0,22.6,0.391,43,0
569,1,144.0,76.0,32.0,342.0,41.6,0.498,28,1
570,3,146.0,68.0,28.0,102.0,41.3,0.537,37,0
571,3,144.0,53.0,33.0,16.0,33.7,0.6779999999999999,35,1
572,3,129.0,88.0,32.0,63.0,25.9,0.4970000000000001,31,1
573,8,117.0,78.0,32.0,169.0,42.0,0.527,37,1
574,9,115.0,72.0,32.0,204.0,30.0,0.254,49,1
575,4,126.0,85.0,27.0,225.0,34.6,0.135,27,0
576,8,92.0,90.0,39.0,32.0,37.2,0.394,52,0
577,4,136.0,82.0,27.0,102.0,33.2,0.5740000000000001,41,0
578,0,117.0,82.0,49.0,194.0,38.4,0.591,35,1
579,7,101.0,82.0,30.0,169.0,34.7,0.498,42,1
580,12,136.0,90.0,47.0,192.0,46.8,0.496,54,1
581,5,136.0,90.0,37.0,102.0,27.6,1.143,29,1
582,2,143.0,84.0,32.0,169.0,45.7,0.498,53,1
583,3,97.0,50.0,27.0,140.0,30.1,1.1740000000000002,27,0
584,4,139.0,50.0,32.0,169.0,27.6,0.259,26,1
585,3,101.0,64.0,30.0,182.0,35.8,0.498,25,1
586,1,105.0,72.0,27.0,102.0,40.7,0.238,23,0
587,11,133.0,75.0,29.0,169.0,28.5,0.655,39,1
588,11,117.0,102.0,19.0,194.0,24.5,0.591,51,1
589,10,142.0,90.0,28.0,194.0,39.9,0.591,48,1
590,1,126.0,94.0,35.0,204.0,35.8,0.394,27,1
591,1,112.0,50.0,33.0,278.0,33.6,0.4970000000000001,25,0
592,1,122.0,72.0,22.0,102.0,32.0,0.391,38,0
593,1,86.0,62.0,49.0,102.0,27.7,0.391,23,0
594,7,95.0,68.0,27.0,44.0,36.0,0.4970000000000001,43,0
595,3,84.0,75.0,27.0,102.0,28.0,0.3740000000000002,25,0
596,4,91.0,92.0,28.0,102.0,24.2,0.235,25,0
597,0,91.0,82.0,27.0,102.0,28.6,0.512,22,0
598,2,90.0,88.0,28.0,63.0,34.5,1.1179999999999999,27,0
599,1,158.0,56.0,13.0,237.0,19.8,0.396,23,0
600,8,119.0,78.0,32.0,102.0,32.8,0.527,39,0
601,2,128.0,39.0,36.0,66.0,33.8,0.845,26,1
602,0,137.0,58.0,35.0,102.0,31.6,0.518,44,1
603,6,64.0,70.0,30.0,37.0,33.3,0.527,31,0
604,4,102.0,78.0,32.0,169.0,30.5,0.527,37,1
605,3,117.0,68.0,32.0,155.0,35.3,0.498,29,1
606,12,138.0,68.0,49.0,169.0,38.5,0.537,43,1
607,2,118.0,68.0,40.0,88.0,37.2,0.295,24,0
608,1,136.0,62.0,32.0,238.0,36.9,0.6779999999999999,24,1
609,13,119.0,74.0,40.0,169.0,30.4,0.551,36,1
610,10,117.0,72.0,32.0,192.0,36.4,0.496,47,1
611,8,128.0,88.0,39.0,130.0,34.2,0.399,41,1
612,6,126.0,52.0,27.0,378.0,45.1,0.655,60,0
613,10,134.0,74.0,32.0,169.0,52.8,0.263,37,1
614,0,101.0,75.0,27.0,146.0,33.8,0.255,24,0
615,3,117.0,70.0,27.0,110.0,30.8,0.498,25,0
616,10,109.0,68.0,32.0,142.0,38.4,0.591,42,1
617,3,172.0,80.0,37.0,110.0,42.3,0.444,27,1
618,6,109.0,88.0,32.0,192.0,30.5,0.496,50,1
619,5,100.0,60.0,25.0,510.0,30.8,0.491,31,0
620,2,88.0,68.0,22.0,48.0,29.0,0.6779999999999999,23,1
621,7,115.0,62.0,28.0,328.0,30.4,0.498,45,1
622,2,163.0,86.0,17.0,102.0,28.2,0.527,45,1
623,5,95.0,80.0,35.0,48.0,33.3,0.6779999999999999,64,0
624,5,128.0,64.0,48.0,102.0,38.2,0.5920000000000001,30,1
625,0,79.0,70.0,24.0,48.0,33.3,0.6779999999999999,25,0
626,0,117.0,88.0,27.0,102.0,28.8,0.3740000000000002,31,0
627,4,145.0,60.0,35.0,169.0,45.3,0.2639999999999999,34,1
628,8,117.0,74.0,28.0,102.0,26.4,0.5870000000000001,49,0
629,3,164.0,80.0,45.0,48.0,31.6,0.6779999999999999,24,1
630,0,128.0,84.0,46.0,102.0,41.1,0.5870000000000001,36,1
631,0,72.0,54.0,20.0,102.0,32.0,0.399,22,0
632,3,117.0,76.0,32.0,169.0,33.3,0.527,32,1
633,5,128.0,94.0,33.0,182.0,37.5,0.259,53,1
634,1,136.0,90.0,39.0,102.0,28.2,1.1740000000000002,24,1
635,3,133.0,90.0,47.0,478.0,37.8,0.255,26,1
636,11,146.0,64.0,32.0,169.0,46.3,0.591,45,1
637,1,153.0,80.0,35.0,169.0,34.8,1.1740000000000002,29,1
638,9,128.0,74.0,27.0,102.0,38.2,0.5740000000000001,51,0
639,9,111.0,70.0,32.0,169.0,26.8,0.932,40,1
640,4,106.0,74.0,32.0,192.0,32.4,0.496,30,1
641,3,101.0,70.0,35.0,192.0,33.5,0.593,35,1
642,11,124.0,75.0,42.0,204.0,38.2,0.5740000000000004,38,1
643,1,154.0,68.0,27.0,75.0,27.1,0.261,22,0
644,2,117.0,66.0,32.0,215.0,30.8,,54,0
645,0,86.0,58.0,13.0,102.0,19.2,0.391,34,0
646,1,88.0,44.0,27.0,102.0,24.3,0.5870000000000001,22,0
647,1,99.0,70.0,31.0,67.0,34.3,0.498,24,0
648,3,84.0,84.0,36.0,90.0,45.9,0.391,25,1
649,1,109.0,78.0,45.0,102.0,39.2,0.551,23,0
650,1,88.0,70.0,43.0,102.0,28.4,0.5589999999999999,30,1
651,7,102.0,88.0,27.0,105.0,33.2,0.498,41,0
652,3,126.0,84.0,29.0,135.0,32.4,0.498,22,0
653,1,112.0,86.0,32.0,274.0,36.3,0.254,42,1
654,1,128.0,52.0,22.0,110.0,25.8,0.595,25,1
655,3,128.0,44.0,40.0,125.0,34.9,0.527,26,1
656,1,128.0,84.0,23.0,120.0,23.5,0.7340000000000001,42,1
657,7,124.0,90.0,27.0,192.0,31.2,0.498,34,0
658,11,150.0,72.0,36.0,125.0,28.5,0.527,43,1
659,2,124.0,70.0,27.0,102.0,34.2,0.5870000000000001,52,0
660,2,128.0,90.0,40.0,746.2,36.6,0.255,26,1
661,5,117.0,88.0,30.0,202.0,30.8,0.238,38,1
662,0,139.0,60.0,28.0,150.0,30.1,0.3989999999999999,21,0
663,11,101.0,70.0,20.0,102.0,25.0,0.551,38,0
664,7,154.0,88.0,29.0,428.0,27.6,0.6779999999999999,37,1
665,0,128.0,86.0,32.0,88.0,36.3,0.263,38,1
666,1,164.0,62.0,19.0,45.0,26.1,0.256,26,0
667,1,177.0,92.0,45.0,192.0,30.5,0.496,29,1
668,5,126.0,82.0,37.0,194.0,43.6,0.597,43,1
669,0,148.0,80.0,37.0,326.0,49.6,0.498,24,1
670,5,124.0,94.0,32.0,148.0,43.6,0.5740000000000002,34,1
671,15,63.0,60.0,25.0,102.0,36.6,0.512,45,1
672,1,111.0,66.0,18.0,92.0,28.1,0.498,24,0
673,3,148.0,74.0,34.0,125.0,28.2,0.4980000000000001,29,0
674,2,117.0,72.0,13.0,102.0,22.7,0.4920000000000001,25,0
675,3,119.0,82.0,29.0,102.0,36.4,0.5870000000000001,29,1
676,4,166.0,68.0,27.0,35.0,35.3,1.104,24,0
677,8,157.0,76.0,30.0,17.0,34.8,0.5276,42,1
678,10,88.0,90.0,32.0,102.0,25.3,0.5870000000000001,43,1
679,9,115.0,80.0,43.0,102.0,27.8,0.391,64,0
680,3,116.0,70.0,23.0,25.0,28.7,0.5899999999999997,26,0
681,9,136.0,80.0,32.0,170.0,28.5,0.153,49,1
682,1,124.0,94.0,36.0,305.0,38.8,0.598,22,0
683,10,139.0,86.0,28.0,50.0,28.5,0.496,54,1
684,3,180.0,90.0,29.0,169.0,39.6,0.7609999999999999,35,1
685,1,100.0,80.0,15.0,102.0,24.2,0.238,24,0
686,3,117.0,70.0,32.0,105.0,30.4,0.738,29,1
687,2,105.0,70.0,29.0,102.0,30.8,0.399,58,0
688,5,84.0,72.0,25.0,78.0,40.3,0.496,65,1
689,3,125.0,66.0,28.0,,32.8,1.1740000000000002,30,0
690,1,144.0,84.0,37.0,228.0,35.9,0.255,46,1
691,1,144.0,74.0,32.0,169.0,32.3,0.442,33,1
692,4,74.0,82.0,42.0,48.0,34.9,0.6779999999999999,30,1
693,1,143.0,64.0,41.0,36.0,37.4,0.527,27,0
694,1,128.0,58.0,21.0,102.0,27.6,0.399,21,0
695,0,124.0,84.0,27.0,102.0,31.2,0.5870000000000001,23,0
696,2,124.0,54.0,23.0,180.0,26.8,1.127,22,0
697,1,112.0,54.0,32.0,102.0,32.3,1.1740000000000002,23,1
698,5,128.0,84.0,27.0,194.0,27.1,0.591,37,1
699,6,111.0,86.0,30.0,102.0,25.6,0.51,52,1
700,2,143.0,74.0,32.0,160.0,27.1,0.498,23,0
701,5,67.0,60.0,34.0,102.0,33.8,0.496,30,0
702,2,101.0,84.0,23.0,102.0,30.9,0.391,23,0
703,0,128.0,78.0,32.0,102.0,31.2,1.1740000000000002,22,1
704,1,113.0,78.0,34.0,182.0,31.2,0.527,30,1
705,11,136.0,72.0,46.0,102.0,37.8,0.5870000000000001,43,1
706,3,122.0,58.0,20.0,102.0,23.4,1.1740000000000002,30,0
707,3,130.0,70.0,14.0,100.0,24.3,0.527,23,0
708,1,99.0,62.0,26.0,102.0,24.6,0.391,21,0
709,7,48.0,68.0,30.0,16.0,33.6,0.6779999999999999,41,0
710,0,107.0,82.0,36.0,102.0,45.9,0.5870000000000001,26,0
711,2,131.0,26.0,36.0,102.0,42.1,0.165,25,0
712,4,161.0,75.0,32.0,102.0,29.1,0.598,36,1
713,0,128.0,65.0,32.0,102.0,27.3,0.551,22,0
714,0,85.0,58.0,27.0,102.0,33.3,0.3989999999999999,24,0
715,4,197.0,74.0,16.0,48.0,29.3,0.498,45,0
716,3,72.0,56.0,11.0,35.0,29.3,0.142,28,0
717,7,93.0,82.0,43.0,102.0,34.6,0.263,42,0
718,1,138.0,74.0,27.0,102.0,30.4,0.551,21,0
719,3,107.0,106.0,27.0,48.0,42.7,0.6779999999999999,43,0
720,1,101.0,68.0,13.0,102.0,25.9,0.527,28,0
721,0,164.0,70.0,44.0,48.0,38.1,0.6779999999999999,23,0
722,1,144.0,68.0,24.0,126.0,28.9,0.4920000000000001,31,1
723,9,137.0,75.0,32.0,102.0,30.5,0.551,53,1
724,3,117.0,64.0,64.0,115.0,34.5,0.8870000000000001,26,1
725,3,132.0,72.0,27.0,125.0,34.1,0.527,29,1
726,7,138.0,72.0,32.0,169.0,31.2,0.498,42,1
727,6,136.0,78.0,37.0,235.0,35.4,0.514,56,0
728,1,125.0,70.0,13.0,102.0,22.1,0.5740000000000001,25,0
729,10,119.0,70.0,44.0,155.0,33.1,0.498,43,0
730,8,128.0,70.0,40.0,102.0,48.3,0.337,42,1
731,7,116.0,70.0,28.0,102.0,29.3,0.5870000000000001,37,0
732,12,136.0,70.0,40.0,102.0,35.8,0.313,45,0
733,0,125.0,82.0,40.0,102.0,36.3,0.5870000000000001,25,1
734,2,119.0,70.0,24.0,169.0,31.2,0.527,31,1
735,0,124.0,76.0,40.0,169.0,41.8,0.6779999999999999,42,1
736,0,101.0,60.0,39.0,192.0,41.7,0.498,23,1
737,1,123.0,40.0,30.0,170.0,42.6,0.209,33,1
738,6,105.0,60.0,18.0,102.0,25.1,0.399,30,0
739,11,106.0,75.0,32.0,126.0,34.3,0.4970000000000001,36,1
740,1,87.0,58.0,22.0,48.0,26.9,0.6779999999999999,22,1
741,3,92.0,75.0,32.0,102.0,30.4,0.158,38,1
742,1,179.0,68.0,36.0,102.0,47.6,0.515,42,1
743,1,108.0,90.0,34.0,102.0,24.7,0.514,23,0
744,2,111.0,64.0,24.0,102.0,28.2,0.5589999999999999,21,0
745,5,136.0,75.0,32.0,169.0,43.3,0.491,52,1
746,1,148.0,76.0,44.0,169.0,50.0,0.527,23,1
747,2,119.0,60.0,27.0,115.0,24.4,0.518,23,0
748,7,118.0,78.0,34.0,169.0,42.3,0.498,37,1
749,1,131.0,60.0,27.0,175.0,27.5,0.498,28,0
750,9,123.0,25.0,27.0,90.0,31.2,0.318,24,1
751,1,106.0,72.0,30.0,102.0,24.4,0.496,28,0
752,4,119.0,82.0,29.0,102.0,30.4,0.5870000000000001,29,1
753,6,112.0,114.0,35.0,169.0,44.2,0.536,38,1
754,3,101.0,64.0,27.0,102.0,25.9,0.51,30,0
755,1,119.0,80.0,16.0,102.0,28.2,0.5870000000000001,22,0
756,4,143.0,85.0,50.0,126.0,36.0,0.085,33,1
757,11,143.0,82.0,21.0,180.0,30.0,0.498,48,0
758,2,173.0,90.0,28.0,140.0,36.7,0.3740000000000002,31,1
759,1,101.0,65.0,42.0,102.0,38.2,0.238,27,0
760,7,120.0,74.0,32.0,169.0,38.3,0.7276,49,1
761,5,128.0,70.0,36.0,150.0,31.2,0.3989999999999999,42,1
762,11,117.0,70.0,41.0,102.0,33.0,0.259,40,0
763,1,128.0,62.0,33.0,102.0,31.6,0.517,28,0
764,3,107.0,96.0,32.0,169.0,32.4,0.518,24,1
765,0,113.0,108.0,18.0,102.0,27.6,0.591,27,0
766,0,88.0,84.0,37.0,48.0,23.6,0.6779999999999999,59,1
767,3,91.0,65.0,30.0,102.0,34.2,0.255,28,0
768,6,154.0,88.0,27.0,190.0,30.1,0.212,50,0
769,2,112.0,76.0,34.0,182.0,28.4,0.255,27,1
770,4,141.0,82.0,49.0,91.0,34.3,0.591,25,1
771,10,117.0,68.0,19.0,102.0,29.5,0.527,42,1
772,4,117.0,75.0,32.0,192.0,28.9,0.738,31,1
773,1,123.0,54.0,27.0,210.0,40.8,0.498,25,0
774,0,112.0,82.0,40.0,102.0,39.2,0.5920000000000001,24,0
775,2,87.0,60.0,23.0,25.0,36.1,0.5899999999999996,22,0
776,4,150.0,54.0,32.0,102.0,35.5,0.5870000000000001,31,0
777,3,116.0,82.0,41.0,275.0,41.3,0.416,31,1
778,3,112.0,50.0,42.0,166.0,41.0,0.162,26,1
779,3,139.0,98.0,34.0,480.0,45.5,0.498,25,0
780,1,44.0,62.0,37.0,205.0,43.6,0.3989999999999999,38,1
781,1,81.0,74.0,32.0,200.0,39.8,0.17800000000000002,21,0
782,10,117.0,60.0,35.0,194.0,36.6,0.491,38,1
783,10,124.0,66.0,30.0,140.0,33.6,0.3740000000000002,52,1
784,1,138.0,64.0,41.0,169.0,42.7,0.5899999999999997,30,0
785,0,117.0,90.0,36.0,169.0,33.3,0.8272,38,1
786,11,128.0,80.0,42.0,105.0,38.9,0.498,35,1
787,0,72.0,48.0,48.0,26.0,32.7,0.327,22,0
788,5,99.0,74.0,23.0,102.0,27.8,0.736,27,0
789,3,145.0,70.0,33.0,169.0,39.0,0.672,25,1
790,5,122.0,82.0,34.0,102.0,24.6,1.1740000000000002,66,0
791,0,78.0,60.0,29.0,67.0,45.5,0.498,55,0
792,5,164.0,74.0,32.0,48.0,25.1,0.6779999999999999,28,1
793,8,151.0,84.0,41.0,192.0,36.0,0.498,58,1
794,2,81.0,88.0,27.0,102.0,27.6,0.3989999999999999,34,0
795,0,143.0,80.0,35.0,175.0,27.3,0.498,24,1
796,12,84.0,84.0,34.0,25.0,28.4,0.422,57,1
797,4,119.0,58.0,28.0,102.0,34.5,0.554,24,0
798,3,83.0,70.0,32.0,169.0,30.5,0.267,29,1
799,4,161.0,70.0,33.0,102.0,29.3,0.263,41,0
800,3,153.0,52.0,31.0,90.0,35.7,1.1740000000000002,22,1
801,1,117.0,84.0,25.0,192.0,32.8,0.498,22,0
802,6,112.0,84.0,32.0,220.0,26.5,0.6779999999999999,51,1
803,4,124.0,86.0,37.0,140.0,37.2,0.3740000000000002,34,1
804,6,143.0,78.0,32.0,110.0,38.8,0.255,46,0
805,6,73.0,68.0,28.0,102.0,36.4,0.3740000000000006,50,1
806,1,150.0,90.0,45.0,125.0,43.5,0.527,52,1
807,1,117.0,84.0,26.0,135.0,36.6,0.527,59,1
808,2,149.0,72.0,23.0,152.0,26.7,0.493,30,0
809,11,124.0,35.0,32.0,169.0,34.5,1.137,44,1
810,1,124.0,90.0,44.0,130.0,45.8,0.318,70,1
811,2,100.0,82.0,47.0,169.0,35.8,1.1740000000000002,30,1
812,3,122.0,64.0,27.0,102.0,25.9,0.596,63,0
813,2,124.0,66.0,27.0,102.0,33.3,0.23,23,0
814,4,128.0,76.0,44.0,102.0,38.7,0.812,44,1
815,9,107.0,82.0,27.0,102.0,29.0,0.5870000000000001,43,1
816,2,118.0,88.0,36.0,102.0,30.1,0.251,25,0
817,0,128.0,92.0,49.0,102.0,57.6,0.578,23,0
818,7,186.0,78.0,44.0,125.0,34.3,0.494,43,1
819,1,117.0,82.0,19.0,188.0,30.8,0.254,22,0
820,1,111.0,94.0,46.0,82.0,45.8,0.498,24,1
821,4,126.0,66.0,30.0,127.0,33.6,0.738,27,0
822,0,128.0,80.0,35.0,102.0,27.8,0.391,24,0
823,2,118.0,122.0,17.0,102.0,32.2,0.399,24,0
824,1,136.0,62.0,22.0,102.0,28.5,0.3740000000000002,21,1
825,4,111.0,64.0,44.0,102.0,33.2,0.5589999999999999,21,0
826,0,128.0,58.0,25.0,102.0,44.3,0.3989999999999999,22,0
827,0,90.0,74.0,17.0,102.0,30.8,0.3740000000000002,22,0
828,2,171.0,82.0,19.0,192.0,48.8,0.496,25,1
829,1,111.0,68.0,41.0,102.0,35.8,0.399,24,0
830,2,164.0,74.0,40.0,185.0,28.8,0.527,24,1
831,2,150.0,50.0,30.0,126.0,31.6,0.135,25,1
832,9,142.0,80.0,32.0,150.0,32.0,0.5989999999999999,54,1
833,10,124.0,76.0,41.0,102.0,40.4,0.5870000000000001,27,0
834,3,129.0,70.0,35.0,125.0,43.6,0.444,46,1
835,1,114.0,96.0,27.0,182.0,30.8,0.498,23,0
836,9,125.0,84.0,30.0,176.0,34.2,0.3270000000000001,38,1
837,7,81.0,90.0,46.0,102.0,41.8,0.5989999999999999,40,1
838,4,124.0,82.0,48.0,100.0,40.6,0.509,52,1
839,6,128.0,106.0,27.0,102.0,32.3,0.3989999999999999,28,0
840,0,124.0,60.0,31.0,370.0,29.7,0.37400000000000017,21,0
841,3,74.0,86.0,30.0,48.0,35.5,0.6779999999999999,39,1
842,7,118.0,68.0,41.0,102.0,35.3,0.263,32,0
843,5,128.0,88.0,27.0,102.0,31.2,0.515,69,0
844,1,97.0,84.0,19.0,102.0,25.6,0.394,37,0
845,5,117.0,88.0,27.0,102.0,25.2,0.496,27,0
846,5,137.0,78.0,28.0,102.0,31.3,0.527,23,0
847,6,95.0,64.0,32.0,57.0,34.1,0.6779999999999999,40,1
848,3,160.0,68.0,30.0,135.0,33.7,0.527,36,1
849,5,184.0,66.0,37.0,182.0,34.1,0.267,26,1
850,11,157.0,64.0,27.0,102.0,27.8,0.4920000000000001,35,0
851,8,153.0,78.0,38.0,60.0,34.4,0.3740000000000002,42,0
852,6,174.0,84.0,19.0,182.0,34.6,0.135,29,1
853,3,116.0,84.0,32.0,237.0,24.3,0.527,32,1
854,1,74.0,60.0,26.0,45.0,44.7,0.5899999999999992,26,0
855,6,85.0,68.0,28.0,105.0,29.7,0.968,38,1
856,7,105.0,84.0,41.0,145.0,42.0,0.498,46,1
857,8,109.0,82.0,42.0,102.0,36.7,0.238,66,0
858,0,125.0,76.0,20.0,169.0,26.4,0.551,33,1
859,7,187.0,90.0,26.0,109.0,36.1,0.71,43,1
860,10,83.0,84.0,44.0,220.0,37.7,0.527,36,1
861,2,111.0,78.0,28.0,102.0,34.4,0.3740000000000004,24,0
862,1,128.0,74.0,32.0,102.0,33.8,1.1740000000000002,40,0
863,1,124.0,70.0,27.0,301.0,30.1,0.498,29,1
864,1,156.0,104.0,42.0,169.0,40.0,0.6779999999999999,25,1
865,6,181.0,66.0,33.0,140.0,29.7,0.8170000000000001,40,0
866,11,161.0,60.0,48.0,102.0,35.0,0.5870000000000001,38,1
867,11,124.0,64.0,37.0,278.0,37.6,0.7679999999999999,51,1
868,4,66.0,90.0,11.0,49.0,25.5,0.672,31,0
869,9,148.0,86.0,36.0,325.0,31.6,0.263,36,1
870,3,74.0,64.0,34.0,36.0,38.5,0.44299999999999995,30,0
871,1,175.0,56.0,32.0,169.0,42.6,0.498,36,1
872,1,126.0,84.0,48.0,102.0,26.0,0.738,23,0
873,4,137.0,68.0,26.0,56.0,30.5,0.498,27,1
874,4,146.0,62.0,30.0,160.0,30.9,0.268,31,1
875,5,173.0,68.0,32.0,207.0,32.3,0.493,36,1
876,7,93.0,88.0,34.0,102.0,31.2,0.3989999999999999,41,1
877,3,119.0,46.0,20.0,58.0,36.1,0.527,25,1
878,4,121.0,75.0,24.0,182.0,30.4,0.498,54,1
879,11,77.0,78.0,28.0,48.0,33.1,0.6779999999999999,55,0
880,1,113.0,80.0,32.0,102.0,29.0,1.1740000000000002,27,1
881,3,114.0,60.0,31.0,140.0,30.1,0.3740000000000002,25,0
882,10,136.0,88.0,24.0,192.0,32.4,0.498,37,1
883,3,147.0,56.0,23.0,169.0,32.3,0.565,30,1
884,6,174.0,72.0,31.0,185.0,34.9,0.498,50,1
885,0,153.0,80.0,46.0,140.0,40.6,0.3740000000000002,23,0
886,4,101.0,82.0,27.0,180.0,25.0,0.498,22,0
887,3,128.0,88.0,41.0,102.0,42.0,0.5870000000000001,30,1
888,8,109.0,64.0,30.0,132.0,28.1,0.399,58,0
889,1,119.0,70.0,41.0,169.0,50.0,0.518,21,1
890,1,102.0,62.0,19.0,102.0,25.4,0.596,25,0
891,5,83.0,82.0,27.0,102.0,30.1,0.517,24,0
892,7,136.0,88.0,27.0,63.0,30.1,0.318,49,0
893,4,170.0,76.0,28.0,155.0,32.7,0.498,38,1
894,13,128.0,80.0,35.0,102.0,31.6,0.517,43,1
895,2,113.0,75.0,32.0,169.0,38.4,0.337,23,1
896,3,143.0,86.0,41.0,128.0,32.0,0.498,31,1
897,6,117.0,74.0,32.0,102.0,30.0,0.517,60,1
898,13,130.0,86.0,30.0,102.0,33.6,0.5870000000000001,42,1
899,3,111.0,78.0,17.0,102.0,22.4,0.598,24,0
900,5,111.0,92.0,25.0,102.0,28.4,0.517,37,1
901,1,108.0,60.0,27.0,90.0,23.6,0.238,26,0
902,10,81.0,68.0,32.0,102.0,32.8,0.5870000000000001,42,1
903,4,112.0,70.0,36.0,169.0,43.8,0.527,28,1
904,3,112.0,80.0,35.0,132.0,33.3,0.215,25,1
905,4,131.0,70.0,32.0,169.0,36.1,0.268,25,1
906,3,125.0,60.0,35.0,180.0,28.9,0.499,26,1
907,1,134.0,72.0,23.0,140.0,30.4,0.3740000000000002,31,1
908,4,111.0,84.0,25.0,146.0,45.5,0.255,32,1
909,11,123.0,86.0,25.0,102.0,32.4,0.203,47,0
910,2,126.0,70.0,24.0,310.0,29.7,0.498,22,0
911,1,150.0,80.0,40.0,125.0,42.4,0.485,42,1
912,3,64.0,68.0,41.0,35.0,45.3,0.727,23,0
913,1,96.0,64.0,37.0,45.0,34.6,0.518,23,0
914,2,122.0,72.0,27.0,60.0,28.7,0.391,22,0
915,3,165.0,72.0,37.0,152.0,27.6,0.588,27,1
916,4,102.0,84.0,17.0,130.0,30.8,0.8270000000000001,26,0
917,8,118.0,78.0,43.0,130.0,32.8,0.258,43,1
918,8,186.0,75.0,32.0,328.0,36.4,0.255,44,1
919,1,101.0,65.0,27.0,102.0,40.2,0.6679999999999999,24,0
920,0,112.0,75.0,32.0,152.0,30.4,0.527,33,1
921,3,154.0,58.0,19.0,102.0,25.2,1.1740000000000002,70,0
922,1,125.0,80.0,34.0,158.0,31.2,0.498,22,0
923,7,128.0,78.0,20.0,102.0,35.4,0.218,30,0
924,3,74.0,82.0,34.0,425.0,34.6,1.1740000000000002,52,1
925,1,117.0,72.0,30.0,102.0,33.3,0.5870000000000001,45,1
926,13,129.0,88.0,44.0,169.0,67.1,0.551,43,1
927,4,85.0,80.0,32.0,102.0,35.8,0.3989999999999999,38,0
928,6,117.0,88.0,23.0,192.0,39.1,0.498,43,1
929,1,104.0,70.0,27.0,102.0,36.4,0.496,23,0
930,5,117.0,60.0,28.0,192.0,33.3,0.499,29,1
931,10,73.0,99.0,32.0,169.0,31.2,0.5429999999999999,38,1
932,2,109.0,74.0,23.0,235.0,21.8,0.254,24,0
933,1,100.0,66.0,45.0,235.0,31.6,0.391,29,1
934,0,126.0,88.0,41.0,200.0,33.2,0.292,21,0
935,6,129.0,72.0,45.0,125.0,36.1,0.527,50,1
936,3,111.0,92.0,34.0,192.0,34.3,0.496,29,0
937,11,112.0,88.0,18.0,102.0,34.1,0.207,61,0
938,2,103.0,66.0,32.0,115.0,42.3,0.3181,21,0
939,9,112.0,50.0,32.0,110.0,37.8,0.591,27,1
940,0,85.0,64.0,13.0,35.0,25.9,0.8270000000000001,21,0
941,9,173.0,72.0,28.0,192.0,42.9,0.496,31,1
942,3,117.0,88.0,19.0,102.0,28.5,0.445,23,0
943,5,137.0,72.0,45.0,102.0,28.8,0.527,57,0
944,0,148.0,66.0,32.0,18.0,32.8,1.1740000000000002,27,0
945,3,125.0,75.0,32.0,169.0,52.3,0.259,29,1
946,3,119.0,92.0,18.0,102.0,28.6,0.527,30,0
947,7,197.0,75.0,36.0,326.0,45.2,0.491,43,1
948,2,197.0,78.0,35.0,828.0,33.1,0.498,22,1
949,3,141.0,82.0,24.0,135.0,26.5,0.527,27,1
950,0,91.0,76.0,30.0,102.0,30.1,0.217,70,1
951,8,174.0,74.0,42.0,194.0,29.5,0.591,36,1
952,3,97.0,62.0,44.0,103.0,31.6,0.127,25,1
953,3,117.0,66.0,21.0,192.0,33.2,0.498,38,1
954,3,125.0,90.0,32.0,192.0,52.3,0.496,29,1
955,4,112.0,70.0,32.0,169.0,23.5,0.136,37,1
956,11,138.0,68.0,25.0,196.0,33.6,0.394,38,1
957,5,66.0,70.0,25.0,200.0,30.3,0.254,29,1
958,4,93.0,78.0,50.0,102.0,45.3,0.512,61,0
959,3,134.0,70.0,29.0,216.0,32.4,0.6779999999999999,24,1
960,1,124.0,86.0,34.0,140.0,41.0,0.3740000000000002,34,0
961,12,112.0,74.0,25.0,210.0,36.5,0.399,43,1
962,3,83.0,72.0,25.0,102.0,36.4,0.498,26,0
963,2,92.0,80.0,27.0,37.0,31.2,0.498,26,0
964,3,125.0,62.0,15.0,102.0,32.0,0.391,24,0
965,3,196.0,68.0,34.0,328.0,31.2,0.496,25,1
966,1,128.0,78.0,48.0,102.0,52.8,0.527,23,0
967,4,179.0,72.0,22.0,102.0,28.8,0.399,28,0
968,2,143.0,66.0,19.0,102.0,27.7,0.294,22,0
969,3,65.0,82.0,40.0,102.0,38.0,0.3,30,0
970,0,124.0,44.0,20.0,102.0,33.8,0.374,35,0
971,1,80.0,75.0,43.0,284.0,29.7,0.593,29,1
972,4,89.0,70.0,36.0,102.0,38.5,0.3989999999999999,24,0
973,5,186.0,76.0,41.0,235.0,36.9,0.292,43,1
974,7,163.0,75.0,30.0,102.0,32.6,0.5870000000000001,35,1
975,2,117.0,64.0,32.0,102.0,36.0,0.5870000000000001,23,0
976,1,197.0,86.0,35.0,46.0,35.3,0.399,28,1
977,7,117.0,72.0,30.0,102.0,35.7,0.5870000000000001,31,1
978,7,117.0,90.0,33.0,63.0,34.6,0.318,45,1
979,1,150.0,84.0,35.0,126.0,34.9,0.593,40,1
980,5,117.0,75.0,32.0,102.0,42.3,0.5870000000000001,40,1
981,2,128.0,90.0,32.0,169.0,27.4,0.261,29,1
982,11,174.0,95.0,32.0,194.0,48.3,0.591,40,1
983,11,197.0,75.0,32.0,175.0,34.3,0.135,40,1
984,3,63.0,76.0,32.0,102.0,27.9,0.527,26,1
985,1,72.0,66.0,15.0,67.0,25.6,0.498,26,0
986,1,164.0,72.0,35.0,48.0,36.6,0.6779999999999999,25,1
987,1,99.0,80.0,27.0,102.0,38.5,0.391,22,0
988,4,164.0,75.0,43.0,48.0,28.0,0.6779999999999999,33,0
989,7,102.0,74.0,18.0,102.0,29.7,0.5870000000000001,43,1
990,5,118.0,54.0,33.0,102.0,33.6,0.591,34,0
991,13,153.0,82.0,28.0,90.0,36.3,1.1740000000000002,42,0
992,2,128.0,58.0,35.0,102.0,33.3,1.1740000000000006,22,0
993,1,93.0,64.0,27.0,102.0,32.3,0.3989999999999999,22,0
994,7,166.0,70.0,28.0,102.0,29.3,0.514,41,0
995,1,136.0,66.0,41.0,135.0,35.1,0.527,27,0
996,1,187.0,88.0,25.0,100.0,33.3,0.591,36,1
997,1,97.0,74.0,32.0,130.0,30.4,0.805,46,1
998,1,126.0,70.0,27.0,102.0,33.7,1.7890000000000001,23,0
999,0,117.0,82.0,25.0,169.0,35.5,0.3740000000000002,23,1
1000,7,100.0,64.0,37.0,152.0,34.2,0.498,42,1
1001,4,111.0,74.0,37.0,102.0,39.4,0.399,24,0
1002,9,197.0,74.0,19.0,128.0,26.8,0.527,53,1
1003,2,124.0,106.0,24.0,169.0,28.2,0.371,41,1
1004,3,118.0,81.0,32.0,194.0,30.3,0.399,24,1
1005,7,142.0,70.0,32.0,175.0,27.3,0.393,37,1
1006,5,104.0,110.0,18.0,102.0,20.4,0.3989999999999999,25,0
1007,11,136.0,110.0,32.0,126.0,45.6,0.4920000000000001,51,0
1008,6,115.0,64.0,32.0,102.0,38.8,0.496,46,0
1009,2,102.0,88.0,35.0,169.0,34.6,0.527,29,1
1010,1,137.0,72.0,35.0,102.0,21.8,0.259,24,0
1011,6,173.0,92.0,23.0,192.0,39.4,0.498,26,1
1012,1,99.0,68.0,27.0,50.0,28.9,0.498,24,0
1013,1,113.0,70.0,16.0,102.0,32.2,0.391,22,0
1014,6,71.0,70.0,27.0,35.0,24.1,0.8270000000000001,32,0
1015,1,124.0,78.0,32.0,194.0,42.8,0.591,22,1
1016,1,128.0,86.0,15.0,60.0,32.4,0.318,24,0
1017,4,136.0,80.0,28.0,82.0,29.8,0.318,24,0
1018,6,128.0,68.0,41.0,192.0,36.3,0.496,45,1
1019,1,167.0,68.0,35.0,169.0,33.6,0.6779999999999999,32,1
1020,3,117.0,86.0,27.0,258.0,34.4,0.6779999999999999,27,0
1021,2,142.0,82.0,32.0,310.0,36.8,0.498,29,1
1022,9,125.0,78.0,23.0,100.0,28.4,0.255,42,1
1023,0,119.0,70.0,27.0,102.0,19.5,0.5870000000000001,25,0
1024,4,91.0,74.0,32.0,102.0,34.0,0.3987,60,0
1025,3,103.0,62.0,35.0,194.0,37.5,0.498,25,1
1026,0,136.0,82.0,40.0,102.0,33.8,1.1740000000000002,24,0
1027,2,117.0,66.0,21.0,105.0,25.6,0.527,36,1
1028,11,126.0,82.0,32.0,169.0,32.5,0.537,34,1
1029,8,126.0,70.0,20.0,135.0,30.4,0.498,76,1
1030,2,143.0,80.0,37.0,204.0,46.3,0.598,29,1
1031,11,89.0,80.0,28.0,228.0,42.2,0.255,47,1
1032,11,146.0,60.0,46.0,210.0,40.7,0.205,51,0
1033,2,99.0,86.0,17.0,92.0,24.6,0.518,28,0
1034,1,112.0,76.0,22.0,169.0,29.7,0.22,44,1
1035,7,117.0,85.0,46.0,102.0,47.7,0.527,45,0
1036,0,165.0,88.0,33.0,215.0,31.6,0.527,36,1
1037,8,137.0,64.0,52.0,102.0,34.3,0.599,38,0
1038,1,117.0,86.0,30.0,102.0,30.0,0.391,46,0
1039,5,136.0,82.0,39.0,78.0,39.7,0.498,45,1
1040,1,107.0,70.0,36.0,48.0,19.7,0.6779999999999999,33,0
1041,7,106.0,86.0,35.0,102.0,31.6,0.5589999999999999,37,1
1042,1,171.0,75.0,32.0,135.0,36.3,0.527,42,1
1043,2,125.0,68.0,32.0,102.0,32.3,0.5870000000000001,26,1
1044,6,125.0,84.0,33.0,102.0,42.6,0.391,80,0
1045,2,95.0,74.0,40.0,49.0,41.5,0.4970000000000001,41,0
1046,0,128.0,68.0,24.0,15.0,29.5,0.3989999999999999,24,1
1047,1,128.0,58.0,33.0,102.0,33.3,0.5870000000000001,23,0
1048,5,63.0,74.0,33.0,102.0,24.5,0.3989999999999999,65,0
1049,0,125.0,90.0,36.0,102.0,34.5,0.267,25,0
1050,10,112.0,75.0,30.0,278.0,33.7,0.175,43,1
1051,0,113.0,88.0,44.0,142.0,50.0,0.527,47,1
1052,4,123.0,78.0,29.0,140.0,33.6,0.3740000000000002,42,0
1053,6,111.0,74.0,32.0,169.0,30.0,0.238,37,1
1054,4,133.0,106.0,32.0,169.0,34.2,0.527,36,1
1055,10,136.0,70.0,31.0,148.0,34.3,0.3740000000000002,55,0
1056,7,101.0,80.0,37.0,180.0,25.2,0.527,41,0
1057,4,107.0,60.0,25.0,258.0,25.2,0.6779999999999999,23,0
1058,4,72.0,88.0,28.0,48.0,29.0,0.6779999999999999,37,0
1059,3,80.0,86.0,32.0,102.0,34.8,0.263,23,0
1060,1,128.0,54.0,31.0,102.0,32.5,0.514,21,0
1061,3,137.0,62.0,27.0,102.0,24.9,0.527,25,0
1062,3,68.0,48.0,43.0,180.0,36.8,0.496,22,1
1063,5,118.0,74.0,18.0,102.0,24.0,0.267,41,0
1064,2,74.0,84.0,27.0,44.0,28.2,1.1740000000000004,25,0
1065,9,128.0,84.0,20.0,102.0,24.3,0.268,28,0
1066,0,124.0,44.0,25.0,102.0,33.7,0.527,28,0
1067,14,112.0,66.0,32.0,135.0,35.8,0.527,54,1
1068,1,81.0,60.0,39.0,83.0,33.9,0.498,23,0
1069,0,134.0,70.0,33.0,102.0,31.6,0.267,24,1
1070,1,136.0,46.0,19.0,102.0,28.8,1.1059999999999999,25,0
1071,3,174.0,64.0,32.0,176.0,39.4,0.268,23,1
1072,11,158.0,72.0,32.0,228.0,32.1,0.6779999999999999,45,1
1073,0,117.0,60.0,33.0,102.0,42.3,0.391,21,1
1074,0,122.0,60.0,32.0,102.0,36.9,0.5870000000000001,38,1
1075,5,92.0,88.0,23.0,180.0,32.5,0.498,30,0
1076,8,172.0,68.0,36.0,377.0,35.9,0.527,52,1
1077,1,136.0,86.0,28.0,88.0,27.4,0.498,28,0
1078,7,97.0,70.0,34.0,102.0,25.3,0.3989999999999999,28,0
1079,10,155.0,74.0,25.0,78.0,25.5,0.6779999999999999,44,1
1080,7,103.0,68.0,27.0,102.0,31.2,0.337,36,0
1081,3,138.0,70.0,48.0,169.0,28.9,0.527,34,1
1082,2,199.0,76.0,20.0,169.0,27.9,0.527,27,1
1083,0,124.0,90.0,27.0,194.0,28.9,0.498,25,1
1084,6,111.0,60.0,32.0,102.0,26.5,0.593,62,0
1085,6,112.0,60.0,32.0,110.0,30.0,0.245,28,1
1086,10,104.0,66.0,50.0,23.0,38.2,0.3740000000000002,42,0
1087,2,92.0,58.0,36.0,102.0,38.5,0.596,22,0
1088,0,76.0,84.0,27.0,102.0,25.6,0.551,22,0
1089,7,97.0,75.0,32.0,169.0,29.6,0.444,39,1
1090,1,155.0,74.0,30.0,102.0,24.8,0.5870000000000001,23,1
1091,0,117.0,86.0,26.0,102.0,34.3,0.5870000000000001,22,1
1092,1,164.0,75.0,32.0,182.0,33.3,0.498,23,1
1093,3,123.0,52.0,32.0,192.0,34.6,0.498,25,1
1094,4,119.0,64.0,32.0,192.0,28.0,0.498,35,1
1095,7,130.0,62.0,23.0,175.0,30.1,0.498,40,0
1096,0,134.0,68.0,32.0,169.0,25.6,0.318,47,1
1097,5,127.0,108.0,32.0,200.0,33.3,0.254,41,1
1098,1,118.0,44.0,44.0,169.0,34.2,0.371,40,1
1099,2,109.0,75.0,32.0,67.0,23.8,0.498,53,1
1100,2,111.0,82.0,39.0,75.0,42.2,1.1740000000000002,36,1
1101,6,125.0,50.0,32.0,169.0,33.6,0.591,26,1
1102,1,84.0,44.0,20.0,200.0,23.8,1.1740000000000002,22,0
1103,8,117.0,68.0,27.0,207.0,30.4,0.504,46,1
1104,5,101.0,70.0,32.0,169.0,30.4,0.537,37,1
1105,10,140.0,54.0,37.0,105.0,32.4,0.498,56,1
1106,11,108.0,86.0,37.0,18.0,38.3,,38,0
1107,1,88.0,54.0,23.0,48.0,26.2,0.6779999999999999,23,0
1108,0,147.0,84.0,24.0,169.0,33.3,0.672,43,1
1109,4,85.0,58.0,32.0,102.0,30.6,0.391,24,1
1110,3,85.0,66.0,23.0,102.0,28.7,0.391,22,0
1111,1,128.0,88.0,18.0,102.0,40.6,0.3,29,0
1112,1,92.0,84.0,27.0,48.0,43.6,0.498,41,0
1113,2,120.0,90.0,12.0,63.0,27.2,0.677,58,0
1114,4,143.0,72.0,37.0,102.0,27.6,0.551,29,0
1115,0,90.0,58.0,31.0,63.0,34.6,1.1179999999999999,24,0
1116,1,128.0,86.0,30.0,102.0,33.5,0.135,24,0
1117,5,141.0,78.0,27.0,37.0,33.1,0.498,41,0
1118,7,85.0,80.0,27.0,102.0,31.2,0.515,26,0
1119,6,146.0,64.0,32.0,192.0,41.2,0.498,24,1
1120,5,73.0,74.0,17.0,102.0,25.2,0.5870000000000001,25,0
1121,2,131.0,78.0,32.0,169.0,32.9,0.268,21,1
1122,6,106.0,78.0,27.0,35.0,25.6,0.8270000000000001,54,0
1123,1,106.0,66.0,32.0,192.0,30.8,0.496,29,0
1124,4,111.0,54.0,17.0,82.0,22.5,0.318,30,0
1125,1,117.0,84.0,32.0,105.0,30.5,0.498,29,1
1126,6,111.0,70.0,27.0,102.0,21.1,0.337,34,0
1127,9,128.0,82.0,36.0,132.0,45.6,0.4920000000000001,34,1
1128,11,140.0,92.0,27.0,140.0,34.3,0.3740000000000002,42,0
1129,11,125.0,72.0,23.0,125.0,34.8,0.498,40,1
1130,4,124.0,90.0,23.0,140.0,34.6,0.3740000000000002,27,1
1131,7,139.0,88.0,18.0,41.0,34.9,0.342,51,0
1132,6,106.0,90.0,28.0,169.0,31.6,0.551,52,1
1133,3,124.0,110.0,33.0,283.0,42.6,0.5740000000000001,35,1
1134,0,95.0,58.0,41.0,102.0,45.3,0.263,23,0
1135,1,139.0,92.0,41.0,102.0,37.0,0.263,31,0
1136,1,97.0,62.0,27.0,102.0,25.3,0.399,23,0
1137,6,115.0,84.0,33.0,192.0,45.8,0.498,42,1
1138,1,150.0,66.0,27.0,235.0,31.2,0.392,28,0
1139,2,136.0,82.0,45.0,102.0,38.5,0.34600000000000003,46,0
1140,1,150.0,68.0,31.0,235.0,32.7,0.391,22,0
1141,6,113.0,70.0,24.0,102.0,28.3,0.391,29,0
1142,6,143.0,50.0,30.0,146.0,33.6,0.498,26,0
1143,4,125.0,82.0,17.0,102.0,27.3,0.3740000000000002,30,0
1144,5,104.0,78.0,32.0,182.0,42.3,0.498,49,1
1145,11,164.0,76.0,32.0,192.0,30.4,0.491,44,1
1146,4,102.0,74.0,25.0,206.0,24.0,0.238,24,0
1147,3,111.0,58.0,31.0,102.0,34.4,0.3989999999999999,25,0
1148,4,90.0,70.0,37.0,102.0,30.1,0.3989999999999999,27,0
1149,10,146.0,90.0,32.0,185.0,30.5,0.498,37,1
1150,0,128.0,100.0,37.0,119.0,41.7,1.124,35,1
1151,0,106.0,88.0,34.0,146.0,52.3,0.399,27,0
1152,2,183.0,68.0,23.0,102.0,24.2,0.391,23,0
1153,0,154.0,64.0,32.0,65.0,42.3,0.498,29,1
1154,4,62.0,80.0,13.0,102.0,24.2,0.517,34,0
1155,5,163.0,78.0,37.0,102.0,39.2,0.518,46,1
1156,2,179.0,66.0,29.0,102.0,36.4,0.5870000000000001,21,1
1157,0,84.0,90.0,41.0,102.0,46.2,0.512,35,0
1158,3,175.0,88.0,29.0,102.0,32.7,0.5870000000000001,31,1
1159,5,144.0,72.0,32.0,125.0,36.9,0.527,36,1
1160,7,119.0,82.0,39.0,65.0,35.7,0.498,51,0
1161,8,129.0,84.0,37.0,135.0,23.3,0.527,43,1
1162,5,174.0,78.0,18.0,194.0,35.9,0.591,36,1
1163,0,119.0,84.0,24.0,168.0,32.3,0.551,22,1
1164,5,141.0,114.0,32.0,235.0,38.0,0.294,44,1
1165,5,147.0,86.0,27.0,180.0,36.8,0.496,51,0
1166,5,112.0,58.0,33.0,278.0,33.8,0.594,34,0
1167,5,128.0,78.0,35.0,146.0,28.6,0.596,41,1
1168,6,101.0,66.0,19.0,102.0,24.9,0.3989999999999999,34,0
1169,5,129.0,70.0,33.0,310.0,31.1,0.498,37,1
1170,3,186.0,60.0,35.0,125.0,33.6,0.527,24,1
1171,7,112.0,88.0,32.0,146.0,34.0,0.491,40,1
1172,1,117.0,72.0,16.0,61.0,25.5,0.8170000000000001,24,0
1173,6,111.0,70.0,37.0,188.0,26.9,0.498,23,1
1174,3,50.0,110.0,32.0,43.0,27.1,0.391,30,0
1175,2,146.0,60.0,32.0,150.0,35.1,0.5670000000000001,27,1
1176,6,136.0,60.0,32.0,132.0,43.4,0.491,50,1
1177,5,119.0,72.0,34.0,38.0,34.4,0.498,37,0
1178,0,117.0,72.0,30.0,57.0,30.8,0.6779999999999999,25,0
1179,3,133.0,66.0,18.0,63.0,26.1,0.312,34,0
1180,13,123.0,74.0,23.0,102.0,24.7,0.236,41,0
1181,5,112.0,50.0,20.0,102.0,30.8,0.672,25,1
1182,1,134.0,90.0,29.0,169.0,32.3,0.26,26,1
1183,5,79.0,62.0,27.0,16.0,30.8,0.7659999999999999,37,0
1184,7,190.0,75.0,32.0,90.0,34.3,0.8759999999999999,44,1
1185,6,184.0,48.0,48.0,169.0,34.3,0.527,42,1
1186,9,112.0,82.0,29.0,176.0,32.3,0.527,33,1
1187,1,139.0,62.0,17.0,181.0,22.5,0.498,22,0
1188,7,173.0,90.0,27.0,192.0,29.5,0.496,43,1
1189,3,112.0,72.0,29.0,200.0,29.9,0.254,25,1
1190,9,123.0,86.0,32.0,105.0,34.6,0.498,45,1
1191,1,105.0,74.0,20.0,102.0,23.2,0.515,24,0
1192,3,123.0,70.0,40.0,102.0,33.8,0.132,29,0
1193,11,140.0,72.0,30.0,326.0,34.2,0.498,38,1
1194,1,128.0,70.0,27.0,102.0,47.8,0.5870000000000001,25,0
1195,4,106.0,60.0,33.0,169.0,26.8,0.261,22,1
1196,4,186.0,90.0,37.0,543.0,27.6,0.491,30,1
1197,3,102.0,70.0,27.0,202.0,23.3,0.236,22,0
1198,0,115.0,72.0,32.0,95.0,36.3,0.6779999999999999,28,1
1199,13,81.0,80.0,47.0,18.0,37.8,,43,1
1200,1,169.0,86.0,34.0,16.0,44.4,0.255,33,1
1201,8,143.0,88.0,27.0,86.0,29.7,0.498,58,0
1202,2,71.0,64.0,41.0,27.0,37.4,0.5589999999999999,22,0
1203,7,136.0,70.0,15.0,48.0,19.2,0.261,43,0
1204,1,152.0,60.0,33.0,48.0,43.6,0.6779999999999999,33,1
1205,2,112.0,80.0,27.0,48.0,44.2,0.6779999999999999,25,0
1206,1,126.0,62.0,39.0,194.0,40.1,0.593,21,1
1207,3,143.0,82.0,29.0,152.0,36.5,0.498,25,1
1208,3,123.0,82.0,24.0,169.0,27.3,0.5920000000000001,32,1
1209,0,128.0,86.0,32.0,135.0,36.4,0.527,37,1
1210,4,157.0,60.0,27.0,130.0,18.6,0.251,22,0
1211,12,119.0,82.0,34.0,102.0,25.2,0.5740000000000001,42,0
1212,4,197.0,75.0,32.0,45.0,46.3,0.5899999999999995,28,1
1213,1,130.0,70.0,33.0,102.0,25.5,0.5870000000000001,32,1
1214,5,111.0,74.0,40.0,52.0,39.3,0.738,27,0
1215,1,105.0,68.0,34.0,102.0,21.0,0.496,60,0
1216,4,158.0,80.0,39.0,44.0,33.3,0.4120000000000001,46,0
1217,10,131.0,75.0,32.0,169.0,28.8,0.6779999999999999,45,1
1218,1,111.0,58.0,16.0,102.0,30.4,1.1740000000000002,25,0
1219,1,143.0,78.0,40.0,169.0,34.1,0.254,22,1
1220,4,150.0,72.0,35.0,126.0,34.1,0.085,30,1
1221,8,103.0,88.0,36.0,102.0,38.6,0.3989999999999999,28,0
1222,1,128.0,80.0,37.0,102.0,35.4,0.3740000000000002,24,0
1223,7,167.0,86.0,30.0,275.0,34.7,0.393,35,1
1224,1,124.0,86.0,36.0,169.0,27.6,0.6776,23,1
1225,1,74.0,74.0,40.0,35.0,36.4,0.34600000000000003,51,1
1226,4,130.0,62.0,21.0,140.0,35.8,0.3740000000000002,31,1
1227,10,143.0,82.0,49.0,200.0,38.2,0.253,45,1
1228,1,100.0,64.0,50.0,46.0,34.3,0.399,24,0
1229,10,124.0,86.0,24.0,150.0,42.4,0.3989999999999999,39,1
1230,7,112.0,84.0,40.0,192.0,40.8,0.496,40,1
1231,10,160.0,82.0,46.0,200.0,37.7,0.238,49,1
1232,3,62.0,84.0,37.0,36.0,43.2,0.591,37,0
1233,3,99.0,56.0,19.0,115.0,25.4,0.8740000000000009,22,0
1234,7,136.0,78.0,36.0,32.0,38.1,0.261,52,0
1235,5,114.0,90.0,32.0,102.0,40.6,0.517,31,1
1236,7,169.0,78.0,46.0,37.0,37.7,0.392,44,1
1237,3,117.0,66.0,32.0,192.0,28.1,0.498,25,1
1238,0,148.0,82.0,32.0,169.0,42.6,0.3740000000000007,32,1
1239,0,112.0,66.0,29.0,192.0,23.8,0.968,22,1
1240,3,119.0,82.0,49.0,169.0,37.4,0.537,29,1
1241,3,153.0,56.0,30.0,150.0,39.5,1.1740000000000002,24,0
1242,5,129.0,82.0,30.0,135.0,31.6,0.527,36,1
1243,1,71.0,60.0,22.0,102.0,33.6,0.512,22,0
1244,0,128.0,82.0,35.0,169.0,32.4,1.136,25,1
1245,1,108.0,68.0,28.0,180.0,39.5,0.498,30,0
1246,1,136.0,72.0,27.0,102.0,26.8,0.26400000000000007,23,0
1247,0,119.0,90.0,17.0,102.0,28.3,0.3987,23,0
1248,10,137.0,78.0,32.0,185.0,36.9,0.498,36,1
1249,11,81.0,64.0,32.0,78.0,34.1,0.498,61,1
1250,5,137.0,80.0,32.0,169.0,31.2,0.498,46,1
1251,4,151.0,110.0,28.0,102.0,24.2,0.3989999999999999,29,0
1252,4,111.0,84.0,41.0,182.0,40.3,0.399,41,1
1253,8,84.0,82.0,32.0,325.0,39.1,0.527,42,1
1254,2,86.0,60.0,27.0,102.0,27.1,0.517,27,0
1255,4,123.0,82.0,19.0,175.0,28.3,0.498,37,1
1256,1,113.0,78.0,27.0,102.0,21.3,0.391,23,0
1257,4,112.0,68.0,32.0,102.0,32.8,0.391,28,0
1258,0,117.0,68.0,37.0,169.0,27.6,0.645,38,1
1259,2,128.0,64.0,24.0,102.0,24.3,0.391,22,0
1260,1,186.0,87.0,36.0,125.0,34.8,0.527,28,1
1261,0,126.0,78.0,26.0,188.0,30.5,0.498,52,1
1262,8,112.0,74.0,32.0,152.0,36.4,0.527,37,1
1263,2,117.0,56.0,30.0,102.0,47.4,0.5870000000000001,24,0
1264,1,97.0,70.0,30.0,210.0,44.2,0.327,23,1
1265,7,173.0,88.0,35.0,192.0,38.7,0.498,51,1
1266,0,88.0,78.0,40.0,102.0,35.7,0.3740000000000002,24,0
1267,0,143.0,74.0,30.0,128.0,33.3,0.8340000000000001,29,0
1268,0,146.0,80.0,44.0,169.0,42.1,0.7390000000000001,32,1
1269,4,180.0,68.0,32.0,170.0,30.5,0.498,53,1
1270,1,166.0,80.0,32.0,69.0,25.6,0.5870000000000001,29,1
1271,6,111.0,90.0,30.0,169.0,27.2,0.371,52,1
1272,11,126.0,75.0,35.0,185.0,34.6,0.4970000000000001,47,1
1273,1,124.0,70.0,34.0,180.0,33.2,0.5740000000000001,27,0
1274,4,74.0,72.0,32.0,48.0,25.1,0.6779999999999999,32,1
1275,0,85.0,38.0,27.0,102.0,32.5,0.517,22,0
1276,3,128.0,82.0,34.0,102.0,28.7,0.315,25,0
1277,1,85.0,80.0,27.0,102.0,25.2,0.515,24,0
1278,1,107.0,98.0,23.0,102.0,29.6,0.527,25,0
1279,1,150.0,62.0,29.0,36.0,26.3,0.318,25,0
1280,1,84.0,44.0,19.0,102.0,38.1,0.3740000000000002,21,0
1281,9,124.0,74.0,27.0,102.0,27.8,0.318,57,0
1282,0,124.0,70.0,27.0,88.0,24.3,0.449,33,0
1283,7,111.0,78.0,32.0,66.0,46.3,0.498,37,0
1284,0,119.0,85.0,30.0,102.0,27.7,0.204,22,0
1285,4,126.0,86.0,48.0,129.0,37.6,0.498,45,1
1286,2,117.0,66.0,32.0,192.0,40.4,0.966,29,1
1287,1,137.0,90.0,31.0,102.0,40.6,0.593,24,0
1288,3,84.0,88.0,30.0,475.0,34.6,0.393,29,1
1289,1,100.0,74.0,22.0,27.0,30.8,0.256,25,0
1290,2,119.0,76.0,36.0,102.0,35.7,0.8740000000000001,24,0
1291,7,119.0,66.0,35.0,210.0,29.6,0.516,41,1
1292,6,117.0,110.0,36.0,102.0,39.5,0.391,28,0
1293,8,101.0,82.0,32.0,130.0,28.5,0.498,49,1
1294,3,117.0,74.0,20.0,194.0,28.3,0.591,36,1
1295,8,119.0,80.0,45.0,102.0,37.6,0.5870000000000001,28,1
1296,10,187.0,82.0,43.0,202.0,41.6,0.253,43,1
1297,1,124.0,58.0,20.0,30.0,26.4,0.6779999999999999,25,0
1298,5,136.0,92.0,28.0,105.0,26.2,0.498,34,0
1299,10,125.0,82.0,26.0,180.0,43.3,0.496,37,1
1300,2,143.0,70.0,29.0,169.0,28.4,0.591,26,1
